Percentage served,Time in ms
0,83.903
1,1964.666
2,2232.792
3,2315.758
4,2393.946
5,2473.353
6,2554.482
7,2584.863
8,2664.556
9,2744.208
10,2764.143
11,2805.917
12,2827.435
13,2860.425
14,2901.229
15,2918.432
16,2960.281
17,2971.265
18,2984.310
19,3007.196
20,3025.415
21,3048.469
22,3084.237
23,3101.368
24,3118.875
25,3126.460
26,3140.416
27,3158.445
28,3176.257
29,3196.295
30,3198.779
31,3212.762
32,3231.653
33,3237.489
34,3243.547
35,3248.895
36,3258.567
37,3267.355
38,3271.999
39,3274.370
40,3276.094
41,3285.601
42,3298.689
43,3303.718
44,3308.253
45,3327.466
46,3337.913
47,3347.356
48,3353.003
49,3361.300
50,3370.085
51,3383.681
52,3391.206
53,3395.846
54,3410.314
55,3412.646
56,3415.745
57,3422.443
58,3427.011
59,3434.881
60,3439.215
61,3443.314
62,3452.394
63,3457.537
64,3462.297
65,3469.561
66,3473.256
67,3478.991
68,3484.714
69,3488.400
70,3492.667
71,3495.475
72,3499.015
73,3506.788
74,3509.160
75,3516.564
76,3522.762
77,3530.053
78,3536.208
79,3543.391
80,3546.947
81,3553.899
82,3555.516
83,3560.366
84,3563.220
85,3568.084
86,3571.696
87,3571.939
88,3573.394
89,3575.163
90,3577.123
91,3583.384
92,3584.922
93,3587.236
94,3596.315
95,3599.467
96,3602.140
97,3604.384
98,3607.458
99,3610.839
100,3612.303
