Percentage served,Time in ms
0,89.715
1,578.460
2,589.585
3,599.027
4,602.975
5,605.315
6,610.021
7,618.421
8,626.834
9,637.429
10,662.431
11,671.404
12,678.567
13,699.289
14,703.405
15,712.857
16,713.743
17,714.104
18,716.619
19,723.317
20,724.569
21,724.985
22,728.213
23,731.261
24,740.085
25,754.046
26,759.809
27,764.613
28,781.847
29,782.980
30,783.273
31,796.146
32,806.918
33,807.733
34,807.801
35,809.331
36,809.628
37,812.039
38,813.786
39,817.062
40,819.174
41,821.553
42,821.759
43,826.524
44,827.393
45,829.403
46,829.411
47,837.498
48,837.655
49,838.003
50,840.668
51,844.069
52,845.255
53,846.393
54,848.213
55,849.001
56,854.655
57,855.531
58,856.144
59,857.057
60,857.273
61,857.708
62,860.108
63,860.796
64,861.709
65,865.138
66,866.957
67,867.605
68,868.954
69,868.986
70,870.346
71,870.866
72,871.247
73,872.116
74,873.335
75,873.674
76,874.770
77,875.429
78,878.787
79,879.709
80,883.776
81,883.832
82,884.703
83,884.741
84,886.239
85,887.469
86,888.518
87,895.033
88,897.230
89,897.334
90,897.714
91,898.067
92,899.222
93,901.433
94,901.556
95,902.823
96,903.098
97,905.212
98,906.087
99,907.248
100,907.248
