Percentage served,Time in ms
0,133.182
1,2293.389
2,2451.592
3,2724.777
4,2846.053
5,2852.496
6,2924.737
7,2962.671
8,2967.651
9,2983.041
10,2985.945
11,3024.896
12,3034.737
13,3050.089
14,3076.120
15,3081.443
16,3096.318
17,3101.561
18,3120.439
19,3126.699
20,3136.173
21,3146.491
22,3163.557
23,3181.517
24,3216.157
25,3217.248
26,3226.067
27,3234.367
28,3242.710
29,3250.067
30,3266.280
31,3267.516
32,3276.240
33,3281.743
34,3285.394
35,3288.212
36,3291.163
37,3292.990
38,3297.524
39,3320.742
40,3334.571
41,3347.052
42,3350.417
43,3354.080
44,3367.511
45,3376.669
46,3380.113
47,3386.687
48,3389.434
49,3390.676
50,3392.985
51,3396.612
52,3402.963
53,3410.703
54,3416.302
55,3420.205
56,3423.860
57,3425.160
58,3434.190
59,3435.701
60,3438.521
61,3441.603
62,3446.550
63,3447.058
64,3448.537
65,3454.183
66,3459.758
67,3460.834
68,3462.273
69,3463.487
70,3468.401
71,3473.511
72,3486.401
73,3488.025
74,3488.630
75,3492.173
76,3496.493
77,3498.232
78,3500.601
79,3502.877
80,3506.412
81,3508.195
82,3510.221
83,3514.943
84,3515.374
85,3516.167
86,3519.867
87,3528.056
88,3528.915
89,3529.992
90,3532.199
91,3533.490
92,3534.991
93,3536.026
94,3536.991
95,3538.879
96,3541.817
97,3544.422
98,3548.350
99,3550.584
100,3555.310
