Percentage served,Time in ms
0,90.554
1,1213.339
2,1308.190
3,1322.700
4,1357.075
5,1375.063
6,1382.506
7,1408.558
8,1414.349
9,1423.605
10,1454.612
11,1471.777
12,1482.189
13,1493.887
14,1503.057
15,1507.435
16,1509.303
17,1533.201
18,1544.878
19,1558.486
20,1564.041
21,1567.060
22,1574.946
23,1576.940
24,1593.752
25,1607.059
26,1609.882
27,1617.739
28,1621.000
29,1631.452
30,1633.914
31,1637.047
32,1648.757
33,1650.507
34,1653.179
35,1656.637
36,1661.948
37,1665.656
38,1673.152
39,1673.711
40,1676.624
41,1683.531
42,1686.144
43,1687.744
44,1689.331
45,1692.268
46,1694.193
47,1696.082
48,1697.927
49,1702.793
50,1704.824
51,1707.637
52,1712.380
53,1715.552
54,1718.373
55,1719.154
56,1720.737
57,1721.117
58,1721.436
59,1726.063
60,1728.277
61,1731.792
62,1738.292
63,1741.107
64,1741.451
65,1742.523
66,1744.585
67,1745.389
68,1747.442
69,1750.835
70,1751.323
71,1751.775
72,1754.740
73,1756.111
74,1757.280
75,1760.781
76,1765.579
77,1766.394
78,1768.054
79,1771.474
80,1772.539
81,1773.725
82,1776.317
83,1778.342
84,1779.179
85,1781.881
86,1782.729
87,1783.074
88,1784.000
89,1785.375
90,1787.496
91,1791.052
92,1791.690
93,1792.795
94,1793.515
95,1794.395
96,1795.502
97,1796.472
98,1797.986
99,1799.917
100,1802.600
