Percentage served,Time in ms
0,59.349
1,1323.786
2,1397.275
3,1470.234
4,1526.245
5,1569.639
6,1612.223
7,1641.984
8,1734.876
9,1783.406
10,1832.967
11,1909.688
12,2038.674
13,2065.846
14,2115.670
15,2184.780
16,2255.270
17,2288.663
18,2325.244
19,2352.663
20,2373.689
21,2393.631
22,2417.371
23,2439.059
24,2458.338
25,2498.682
26,2511.322
27,2520.672
28,2532.656
29,2543.898
30,2553.707
31,2560.201
32,2564.348
33,2572.472
34,2580.456
35,2587.590
36,2592.448
37,2598.377
38,2603.749
39,2617.368
40,2625.161
41,2645.945
42,2654.434
43,2664.122
44,2672.397
45,2678.393
46,2682.368
47,2685.742
48,2697.151
49,2702.328
50,2706.986
51,2713.291
52,2716.373
53,2718.462
54,2719.767
55,2725.571
56,2732.582
57,2738.983
58,2743.181
59,2748.470
60,2752.271
61,2756.028
62,2763.091
63,2769.182
64,2774.690
65,2778.008
66,2782.368
67,2787.246
68,2791.889
69,2794.757
70,2798.908
71,2804.490
72,2811.754
73,2817.420
74,2825.342
75,2828.953
76,2829.869
77,2833.421
78,2836.497
79,2841.489
80,2844.483
81,2847.323
82,2852.828
83,2856.983
84,2860.450
85,2862.325
86,2867.673
87,2873.105
88,2876.699
89,2883.222
90,2889.547
91,2891.577
92,2894.817
93,2896.882
94,2903.614
95,2909.400
96,2916.240
97,2918.399
98,2922.095
99,2925.822
100,2933.122
