Percentage served,Time in ms
0,87.698
1,340.762
2,408.764
3,431.687
4,442.796
5,467.632
6,508.193
7,535.456
8,549.453
9,562.105
10,563.368
11,569.250
12,575.532
13,595.382
14,599.232
15,604.603
16,617.922
17,622.510
18,623.996
19,627.545
20,631.279
21,636.776
22,643.391
23,660.410
24,666.032
25,670.251
26,686.226
27,690.691
28,707.611
29,711.048
30,714.571
31,718.869
32,723.765
33,724.364
34,726.248
35,730.210
36,734.127
37,737.085
38,745.224
39,745.380
40,745.853
41,746.508
42,753.936
43,758.156
44,758.613
45,761.879
46,763.082
47,767.990
48,775.027
49,782.645
50,784.134
51,786.766
52,789.328
53,789.834
54,791.886
55,793.505
56,795.173
57,799.635
58,800.224
59,801.063
60,804.441
61,805.999
62,807.192
63,812.463
64,813.011
65,813.829
66,814.066
67,815.561
68,818.977
69,820.921
70,824.041
71,827.021
72,829.041
73,832.381
74,833.266
75,834.689
76,837.039
77,837.367
78,838.420
79,841.668
80,842.227
81,843.890
82,844.952
83,846.757
84,847.586
85,848.363
86,850.949
87,852.104
88,857.341
89,858.019
90,858.822
91,860.323
92,860.450
93,861.019
94,861.357
95,862.182
96,864.324
97,866.170
98,868.344
99,869.821
100,869.899
