Percentage served,Time in ms
0,131.926
1,4800.155
2,5160.531
3,5665.089
4,5826.863
5,6024.339
6,6094.975
7,6208.289
8,6370.608
9,6485.482
10,6517.944
11,6612.508
12,6653.096
13,6719.832
14,6783.543
15,6833.849
16,6896.554
17,6908.881
18,6949.528
19,6962.986
20,6999.972
21,7021.976
22,7049.023
23,7066.209
24,7090.521
25,7123.012
26,7144.270
27,7186.569
28,7201.663
29,7214.225
30,7241.509
31,7258.299
32,7269.553
33,7326.059
34,7340.683
35,7355.646
36,7357.827
37,7364.510
38,7385.014
39,7404.134
40,7427.108
41,7448.461
42,7457.085
43,7468.169
44,7481.305
45,7501.146
46,7508.944
47,7525.670
48,7543.836
49,7547.030
50,7567.139
51,7574.854
52,7585.053
53,7600.903
54,7615.585
55,7630.291
56,7643.186
57,7657.260
58,7661.803
59,7667.344
60,7671.347
61,7678.527
62,7684.386
63,7689.673
64,7708.222
65,7712.743
66,7716.165
67,7719.350
68,7725.591
69,7727.845
70,7739.247
71,7745.557
72,7753.640
73,7762.991
74,7775.105
75,7780.276
76,7787.895
77,7790.283
78,7792.371
79,7796.641
80,7800.280
81,7809.132
82,7810.443
83,7817.613
84,7824.515
85,7827.780
86,7830.451
87,7832.678
88,7834.324
89,7839.213
90,7846.659
91,7853.445
92,7859.611
93,7861.235
94,7867.110
95,7870.629
96,7874.340
97,7879.911
98,7883.941
99,7886.755
100,7890.104
