Percentage served,Time in ms
0,110.831
1,1145.101
2,1243.573
3,1311.333
4,1332.170
5,1374.653
6,1378.596
7,1407.630
8,1424.589
9,1429.050
10,1439.256
11,1455.990
12,1498.733
13,1514.414
14,1525.949
15,1532.033
16,1549.841
17,1550.532
18,1550.897
19,1551.332
20,1556.245
21,1561.708
22,1562.550
23,1567.362
24,1567.937
25,1573.464
26,1583.027
27,1584.338
28,1594.574
29,1594.972
30,1595.572
31,1596.329
32,1623.266
33,1633.203
34,1637.728
35,1643.149
36,1643.200
37,1646.358
38,1648.782
39,1650.158
40,1650.724
41,1665.195
42,1666.642
43,1670.384
44,1674.153
45,1679.262
46,1688.946
47,1689.154
48,1689.351
49,1690.350
50,1692.740
51,1694.217
52,1695.276
53,1700.575
54,1700.708
55,1702.002
56,1702.287
57,1707.592
58,1709.256
59,1709.957
60,1711.035
61,1714.131
62,1714.154
63,1714.804
64,1718.574
65,1721.859
66,1723.191
67,1724.196
68,1724.814
69,1725.693
70,1725.945
71,1726.656
72,1730.335
73,1731.497
74,1736.153
75,1737.515
76,1738.574
77,1739.714
78,1740.120
79,1746.392
80,1747.278
81,1752.982
82,1754.661
83,1757.871
84,1758.904
85,1761.104
86,1762.054
87,1762.419
88,1764.541
89,1765.321
90,1767.837
91,1769.852
92,1772.703
93,1773.817
94,1775.812
95,1775.868
96,1779.363
97,1779.696
98,1780.234
99,1780.750
100,1780.750
