Percentage served,Time in ms
0,288.726
1,7395.257
2,7683.271
3,7804.644
4,8145.621
5,8582.110
6,9043.754
7,9354.193
8,9899.498
9,10197.019
10,10375.685
11,10532.196
12,10666.430
13,10747.312
14,10844.993
15,10880.157
16,10944.869
17,11039.911
18,11210.116
19,11277.901
20,11350.133
21,11422.587
22,11451.136
23,11479.963
24,11492.147
25,11573.820
26,11595.437
27,11625.402
28,11649.383
29,11721.618
30,11750.965
31,11785.641
32,11804.629
33,11826.902
34,11841.677
35,11853.681
36,11897.629
37,11917.008
38,11933.227
39,11977.682
40,11996.053
41,12023.456
42,12039.518
43,12054.681
44,12086.685
45,12108.399
46,12159.713
47,12174.016
48,12186.906
49,12200.032
50,12221.779
51,12234.617
52,12268.068
53,12287.052
54,12301.762
55,12318.509
56,12334.445
57,12362.718
58,12382.869
59,12395.923
60,12402.524
61,12417.871
62,12438.098
63,12445.240
64,12462.512
65,12475.560
66,12502.355
67,12519.405
68,12533.471
69,12547.992
70,12569.349
71,12595.955
72,12609.329
73,12625.641
74,12642.675
75,12646.669
76,12657.185
77,12663.906
78,12673.894
79,12679.201
80,12688.415
81,12701.531
82,12715.699
83,12724.270
84,12731.808
85,12737.403
86,12742.975
87,12747.529
88,12756.557
89,12763.826
90,12772.951
91,12777.043
92,12781.533
93,12786.681
94,12790.437
95,12800.695
96,12809.313
97,12814.711
98,12823.512
99,12827.205
100,12837.306
