Percentage served,Time in ms
0,207.241
1,3205.451
2,3432.434
3,3617.818
4,3727.606
5,3905.936
6,4176.643
7,4363.368
8,4445.308
9,4626.375
10,4664.842
11,4738.858
12,4790.809
13,4865.106
14,4898.114
15,4983.629
16,5053.101
17,5134.273
18,5160.645
19,5254.617
20,5285.855
21,5317.773
22,5364.940
23,5394.561
24,5421.751
25,5438.529
26,5455.520
27,5467.703
28,5493.785
29,5510.098
30,5527.294
31,5551.992
32,5561.611
33,5586.789
34,5607.171
35,5626.896
36,5637.687
37,5651.351
38,5656.242
39,5667.916
40,5679.388
41,5693.671
42,5705.301
43,5712.904
44,5738.496
45,5756.888
46,5768.453
47,5783.275
48,5802.059
49,5814.155
50,5832.354
51,5845.061
52,5859.707
53,5864.796
54,5872.580
55,5879.983
56,5891.335
57,5897.803
58,5909.478
59,5917.728
60,5929.042
61,5933.280
62,5938.670
63,5944.363
64,5954.134
65,5959.113
66,5965.168
67,5968.279
68,5976.200
69,5991.596
70,5999.638
71,6005.229
72,6012.995
73,6023.564
74,6029.535
75,6034.202
76,6037.576
77,6043.776
78,6056.583
79,6063.534
80,6070.427
81,6078.949
82,6085.471
83,6093.942
84,6105.131
85,6115.356
86,6122.526
87,6126.387
88,6131.086
89,6139.976
90,6147.007
91,6149.169
92,6156.084
93,6167.829
94,6177.568
95,6182.922
96,6190.753
97,6194.518
98,6200.458
99,6209.960
100,6224.829
