Percentage served,Time in ms
0,93.506
1,351.797
2,356.091
3,369.228
4,371.474
5,378.200
6,387.475
7,391.858
8,400.003
9,400.004
10,406.040
11,410.470
12,411.872
13,419.856
14,451.629
15,456.978
16,457.825
17,461.562
18,461.890
19,465.712
20,467.597
21,470.829
22,474.870
23,475.443
24,476.476
25,478.197
26,478.854
27,485.301
28,488.130
29,488.947
30,489.799
31,490.169
32,490.726
33,491.165
34,493.103
35,494.522
36,495.278
37,495.893
38,496.368
39,497.586
40,499.497
41,500.971
42,501.768
43,506.698
44,507.378
45,508.763
46,509.166
47,509.180
48,509.271
49,509.349
50,509.778
51,510.629
52,511.433
53,512.191
54,512.934
55,512.953
56,513.223
57,513.910
58,515.522
59,515.781
60,516.633
61,517.049
62,517.434
63,518.201
64,518.566
65,520.164
66,520.192
67,522.727
68,525.042
69,526.221
70,526.871
71,527.679
72,529.061
73,529.257
74,530.168
75,530.352
76,530.862
77,531.687
78,531.757
79,533.425
80,534.968
81,535.763
82,536.014
83,536.296
84,537.556
85,537.980
86,538.444
87,538.587
88,538.695
89,538.860
90,539.648
91,540.133
92,540.469
93,540.991
94,541.369
95,541.792
96,542.199
97,542.442
98,543.019
99,544.424
100,544.424
