Percentage served,Time in ms
0,89.700
1,813.854
2,904.307
3,1016.877
4,1103.753
5,1152.410
6,1191.372
7,1210.274
8,1220.864
9,1275.056
10,1285.892
11,1303.115
12,1322.659
13,1338.093
14,1374.512
15,1387.739
16,1415.249
17,1419.051
18,1428.402
19,1436.033
20,1441.193
21,1448.642
22,1456.462
23,1468.866
24,1475.768
25,1487.956
26,1492.795
27,1499.668
28,1508.622
29,1517.471
30,1521.940
31,1530.372
32,1532.844
33,1534.689
34,1539.431
35,1542.784
36,1543.811
37,1550.167
38,1556.761
39,1563.418
40,1576.679
41,1586.631
42,1589.222
43,1591.782
44,1600.101
45,1607.383
46,1615.950
47,1622.082
48,1629.290
49,1633.185
50,1637.624
51,1640.285
52,1655.008
53,1659.526
54,1666.397
55,1672.010
56,1675.028
57,1677.827
58,1681.910
59,1688.190
60,1698.451
61,1705.225
62,1709.285
63,1713.888
64,1717.288
65,1720.574
66,1723.624
67,1725.674
68,1728.485
69,1729.929
70,1738.616
71,1741.561
72,1745.735
73,1755.018
74,1757.318
75,1760.038
76,1763.150
77,1766.497
78,1770.992
79,1773.167
80,1777.757
81,1780.915
82,1785.263
83,1789.380
84,1792.279
85,1796.110
86,1799.181
87,1804.211
88,1807.123
89,1810.122
90,1811.714
91,1812.833
92,1816.064
93,1817.724
94,1819.679
95,1824.422
96,1831.775
97,1833.310
98,1836.309
99,1837.522
100,1839.554
