Percentage served,Time in ms
0,110.759
1,529.375
2,554.813
3,590.360
4,853.062
5,966.019
6,3486.348
7,3909.112
8,4095.490
9,4325.128
10,4435.739
11,4614.860
12,4760.030
13,4871.324
14,4945.487
15,5044.426
16,5170.909
17,5312.607
18,5405.249
19,5567.653
20,5650.816
21,5700.076
22,5827.666
23,5892.297
24,5981.406
25,6006.534
26,6038.188
27,6096.157
28,6183.830
29,6209.986
30,6237.053
31,6275.240
32,6287.529
33,6311.046
34,6327.615
35,6351.739
36,6376.291
37,6391.342
38,6406.043
39,6423.381
40,6438.730
41,6456.484
42,6465.419
43,6481.201
44,6496.026
45,6532.632
46,6538.846
47,6548.741
48,6560.575
49,6576.088
50,6593.327
51,6612.447
52,6621.810
53,6629.976
54,6636.430
55,6641.908
56,6654.147
57,6666.807
58,6680.081
59,6686.375
60,6694.954
61,6703.681
62,6711.657
63,6719.256
64,6734.337
65,6749.416
66,6758.138
67,6772.067
68,6779.934
69,6789.333
70,6798.185
71,6810.745
72,6815.422
73,6820.419
74,6831.876
75,6851.273
76,6862.107
77,6869.978
78,6879.476
79,6886.584
80,6892.880
81,6897.330
82,6904.595
83,6919.926
84,6923.642
85,6939.367
86,6948.895
87,6958.599
88,6965.778
89,6974.201
90,6982.595
91,6987.852
92,6993.798
93,6997.213
94,7004.274
95,7016.814
96,7027.574
97,7035.693
98,7038.907
99,7044.621
100,7054.886
