Percentage served,Time in ms
0,223.914
1,673.109
2,691.801
3,768.378
4,796.468
5,832.174
6,832.756
7,871.588
8,892.488
9,916.222
10,921.077
11,923.654
12,926.173
13,931.664
14,960.421
15,968.350
16,972.433
17,976.788
18,976.953
19,989.813
20,992.426
21,995.040
22,997.548
23,1005.759
24,1006.853
25,1020.986
26,1023.160
27,1030.605
28,1038.080
29,1039.961
30,1040.320
31,1046.820
32,1048.392
33,1053.399
34,1057.588
35,1058.816
36,1061.521
37,1061.809
38,1068.850
39,1070.076
40,1071.559
41,1077.855
42,1078.497
43,1088.122
44,1090.505
45,1096.684
46,1098.950
47,1102.583
48,1109.350
49,1111.865
50,1113.132
51,1113.742
52,1122.944
53,1122.955
54,1129.087
55,1130.780
56,1135.233
57,1135.242
58,1136.755
59,1137.273
60,1143.021
61,1143.320
62,1143.424
63,1145.314
64,1145.924
65,1147.270
66,1148.861
67,1149.382
68,1153.426
69,1153.466
70,1153.811
71,1154.187
72,1154.758
73,1155.262
74,1156.105
75,1156.200
76,1157.693
77,1158.690
78,1159.059
79,1159.445
80,1161.104
81,1161.270
82,1162.850
83,1164.080
84,1165.003
85,1165.437
86,1167.009
87,1167.688
88,1171.486
89,1172.313
90,1174.230
91,1174.911
92,1175.078
93,1175.645
94,1176.505
95,1178.384
96,1179.997
97,1181.045
98,1183.355
99,1183.596
100,1183.596
