Percentage served,Time in ms
0,336.788
1,3074.965
2,3119.478
3,3322.306
4,3484.248
5,3533.841
6,3623.193
7,3721.158
8,3757.537
9,3789.321
10,3801.442
11,3850.369
12,3876.509
13,3888.516
14,3929.887
15,3953.177
16,3970.764
17,3981.499
18,4015.188
19,4024.725
20,4043.129
21,4074.393
22,4075.792
23,4081.449
24,4084.742
25,4088.282
26,4107.741
27,4119.721
28,4138.576
29,4144.612
30,4155.791
31,4169.628
32,4177.403
33,4187.346
34,4204.412
35,4224.262
36,4238.332
37,4247.137
38,4258.684
39,4260.491
40,4277.248
41,4286.681
42,4287.549
43,4293.839
44,4304.102
45,4315.205
46,4319.797
47,4341.352
48,4351.282
49,4356.822
50,4360.042
51,4361.438
52,4372.866
53,4376.858
54,4380.840
55,4386.359
56,4387.195
57,4391.134
58,4396.688
59,4402.742
60,4403.609
61,4409.826
62,4412.871
63,4414.218
64,4417.049
65,4417.872
66,4419.882
67,4420.617
68,4424.613
69,4435.048
70,4440.676
71,4443.872
72,4447.483
73,4448.283
74,4453.059
75,4457.766
76,4459.818
77,4461.307
78,4463.252
79,4466.521
80,4467.698
81,4470.355
82,4474.182
83,4481.007
84,4488.373
85,4491.935
86,4498.118
87,4500.113
88,4504.116
89,4507.751
90,4509.246
91,4514.317
92,4516.854
93,4518.475
94,4521.074
95,4522.282
96,4525.608
97,4527.711
98,4530.084
99,4536.272
100,4537.933
