Percentage served,Time in ms
0,227.734
1,1571.521
2,3369.134
3,4953.049
4,11508.215
5,12123.909
6,12683.015
7,13160.433
8,13384.832
9,13696.805
10,13825.432
11,14023.179
12,14198.826
13,14377.122
14,14577.245
15,14649.428
16,14709.600
17,14884.481
18,14963.507
19,15067.348
20,15104.162
21,15145.415
22,15177.064
23,15275.652
24,15309.832
25,15339.415
26,15403.177
27,15473.689
28,15505.383
29,15546.805
30,15568.501
31,15596.723
32,15676.328
33,15731.332
34,15773.802
35,15866.298
36,15892.514
37,15918.985
38,15955.443
39,15998.619
40,16027.177
41,16083.186
42,16094.062
43,16131.847
44,16150.795
45,16181.017
46,16204.127
47,16219.916
48,16259.261
49,16290.028
50,16326.048
51,16350.178
52,16365.391
53,16382.585
54,16391.933
55,16422.277
56,16442.995
57,16453.106
58,16459.418
59,16477.618
60,16488.182
61,16515.734
62,16523.282
63,16534.803
64,16550.990
65,16566.644
66,16574.358
67,16582.461
68,16601.818
69,16613.870
70,16625.836
71,16634.939
72,16655.583
73,16663.613
74,16688.304
75,16701.087
76,16711.650
77,16726.843
78,16739.186
79,16752.431
80,16762.739
81,16779.371
82,16800.338
83,16807.649
84,16812.467
85,16818.570
86,16826.809
87,16834.910
88,16844.803
89,16858.740
90,16866.405
91,16875.034
92,16884.201
93,16896.824
94,16904.325
95,16916.426
96,16918.834
97,16927.199
98,16930.057
99,16935.630
100,16942.142
