Percentage served,Time in ms
0,167.415
1,6545.422
2,6940.883
3,7209.005
4,7410.916
5,7559.404
6,7682.008
7,7813.004
8,7848.093
9,8110.973
10,8288.595
11,8393.803
12,8456.303
13,8672.551
14,8790.624
15,8902.844
16,8974.731
17,9077.805
18,9161.301
19,9224.673
20,9254.632
21,9419.193
22,9488.918
23,9520.231
24,9569.454
25,9633.469
26,9731.879
27,9782.619
28,9831.443
29,9888.961
30,9906.575
31,9957.989
32,10016.854
33,10106.696
34,10158.202
35,10185.893
36,10224.425
37,10276.955
38,10304.655
39,10331.805
40,10395.358
41,10451.236
42,10470.018
43,10497.529
44,10533.221
45,10558.498
46,10578.113
47,10594.933
48,10604.491
49,10614.818
50,10665.669
51,10695.630
52,10723.995
53,10735.188
54,10742.138
55,10746.116
56,10759.876
57,10793.958
58,10802.113
59,10816.240
60,10842.510
61,10850.442
62,10861.135
63,10889.578
64,10896.036
65,10904.260
66,10910.916
67,10921.160
68,10930.673
69,10934.872
70,10942.311
71,10953.440
72,10963.221
73,10971.590
74,10980.403
75,10987.936
76,10992.193
77,10999.077
78,11005.684
79,11012.904
80,11019.372
81,11028.438
82,11033.185
83,11039.735
84,11044.371
85,11047.279
86,11049.038
87,11055.288
88,11058.690
89,11061.760
90,11065.070
91,11070.234
92,11074.251
93,11076.609
94,11078.418
95,11087.627
96,11092.515
97,11096.119
98,11102.906
99,11114.664
100,11118.871
