Percentage served,Time in ms
0,34.834
1,152.547
2,157.314
3,468.260
4,577.286
5,596.705
6,615.332
7,634.532
8,644.753
9,650.439
10,666.391
11,688.339
12,724.892
13,748.581
14,781.518
15,793.086
16,817.552
17,819.515
18,826.649
19,832.463
20,836.011
21,842.699
22,847.084
23,849.930
24,856.125
25,866.666
26,873.093
27,876.149
28,880.884
29,889.101
30,893.695
31,895.383
32,902.150
33,903.578
34,907.424
35,917.912
36,918.567
37,919.735
38,920.573
39,923.830
40,927.061
41,927.657
42,942.079
43,949.566
44,953.742
45,954.529
46,956.383
47,957.279
48,960.085
49,961.407
50,964.086
51,968.469
52,970.782
53,971.645
54,975.470
55,976.070
56,981.135
57,982.484
58,984.206
59,987.338
60,988.440
61,995.065
62,1000.409
63,1002.824
64,1003.543
65,1005.224
66,1005.851
67,1009.636
68,1010.852
69,1012.062
70,1012.502
71,1014.402
72,1016.605
73,1020.171
74,1021.128
75,1023.123
76,1024.452
77,1027.004
78,1028.461
79,1029.938
80,1030.436
81,1031.194
82,1031.971
83,1032.058
84,1032.734
85,1033.681
86,1036.340
87,1039.852
88,1041.085
89,1041.161
90,1042.209
91,1042.729
92,1045.598
93,1046.466
94,1048.245
95,1049.803
96,1051.694
97,1053.674
98,1055.020
99,1055.536
100,1055.941
