Percentage served,Time in ms
0,220.333
1,527.947
2,652.879
3,879.124
4,984.045
5,1563.293
6,2133.487
7,2322.383
8,2490.524
9,2611.549
10,2741.362
11,2832.407
12,2953.954
13,3039.988
14,3089.261
15,3141.410
16,3231.538
17,3266.951
18,3351.788
19,3389.277
20,3448.110
21,3468.320
22,3499.329
23,3526.137
24,3576.083
25,3617.795
26,3627.140
27,3666.671
28,3685.286
29,3711.364
30,3727.381
31,3743.375
32,3750.263
33,3762.548
34,3792.455
35,3799.227
36,3813.942
37,3826.385
38,3841.035
39,3850.205
40,3870.116
41,3878.255
42,3883.366
43,3904.209
44,3917.496
45,3941.626
46,3953.534
47,3968.103
48,3979.482
49,3986.848
50,3999.454
51,4006.242
52,4017.077
53,4021.675
54,4030.912
55,4040.499
56,4049.535
57,4054.578
58,4065.657
59,4073.515
60,4078.254
61,4085.990
62,4099.463
63,4103.978
64,4111.139
65,4117.835
66,4122.532
67,4128.435
68,4132.291
69,4141.067
70,4147.485
71,4151.596
72,4153.833
73,4158.618
74,4162.808
75,4167.085
76,4169.098
77,4172.694
78,4175.675
79,4179.076
80,4180.862
81,4184.427
82,4186.842
83,4188.070
84,4191.379
85,4195.344
86,4198.809
87,4201.669
88,4202.976
89,4205.234
90,4206.901
91,4207.851
92,4215.750
93,4218.460
94,4220.442
95,4222.604
96,4227.586
97,4231.692
98,4233.382
99,4241.341
100,4246.170
