Percentage served,Time in ms
0,351.345
1,1588.396
2,1660.283
3,1675.036
4,1708.505
5,1782.432
6,1821.729
7,1823.530
8,1835.510
9,1851.411
10,1870.482
11,1879.770
12,1929.790
13,1935.711
14,1963.341
15,1978.578
16,1980.322
17,1980.450
18,1987.832
19,1988.588
20,2000.072
21,2017.854
22,2019.070
23,2022.366
24,2034.475
25,2038.057
26,2060.244
27,2068.307
28,2082.277
29,2092.391
30,2096.625
31,2105.230
32,2107.163
33,2110.293
34,2111.967
35,2120.083
36,2129.126
37,2132.462
38,2135.077
39,2143.607
40,2146.083
41,2162.122
42,2164.339
43,2170.627
44,2176.689
45,2182.643
46,2184.219
47,2189.313
48,2191.986
49,2197.740
50,2199.416
51,2199.612
52,2202.812
53,2203.575
54,2205.756
55,2207.683
56,2210.112
57,2214.378
58,2216.567
59,2217.050
60,2217.768
61,2219.992
62,2225.890
63,2226.677
64,2231.702
65,2233.244
66,2237.399
67,2240.121
68,2249.289
69,2251.806
70,2252.194
71,2255.741
72,2264.439
73,2266.025
74,2272.259
75,2272.628
76,2273.451
77,2274.679
78,2276.911
79,2277.794
80,2279.271
81,2280.147
82,2282.596
83,2283.817
84,2284.386
85,2285.161
86,2285.298
87,2286.587
88,2287.247
89,2287.335
90,2288.499
91,2289.762
92,2289.850
93,2291.173
94,2293.422
95,2295.593
96,2298.016
97,2302.022
98,2310.214
99,2311.031
100,2311.031
