Percentage served,Time in ms
0,116.311
1,460.689
2,608.296
3,609.014
4,640.977
5,808.183
6,1065.840
7,1266.098
8,1624.057
9,1759.850
10,1800.061
11,1881.497
12,1938.880
13,1981.877
14,2018.648
15,2094.867
16,2150.616
17,2203.832
18,2222.878
19,2248.848
20,2293.428
21,2336.088
22,2370.569
23,2419.129
24,2478.976
25,2545.318
26,2599.182
27,2624.256
28,2679.838
29,2702.271
30,2717.686
31,2755.290
32,2808.302
33,2842.138
34,2867.445
35,2905.310
36,2931.898
37,2966.039
38,2990.107
39,3013.823
40,3042.551
41,3058.130
42,3073.283
43,3114.976
44,3128.795
45,3143.204
46,3165.936
47,3179.043
48,3190.783
49,3200.016
50,3207.427
51,3214.735
52,3232.825
53,3244.573
54,3258.722
55,3265.907
56,3271.526
57,3287.315
58,3297.243
59,3310.637
60,3334.342
61,3341.824
62,3349.973
63,3359.567
64,3364.451
65,3366.559
66,3373.045
67,3386.685
68,3391.501
69,3397.210
70,3404.786
71,3419.990
72,3427.572
73,3441.448
74,3455.931
75,3458.758
76,3465.646
77,3473.984
78,3477.839
79,3488.581
80,3499.424
81,3504.805
82,3516.297
83,3528.424
84,3535.560
85,3541.047
86,3544.942
87,3549.062
88,3554.245
89,3555.469
90,3561.690
91,3563.872
92,3565.645
93,3568.831
94,3572.695
95,3576.094
96,3579.769
97,3585.602
98,3588.646
99,3591.778
100,3597.925
