Percentage served,Time in ms
0,378.645
1,621.263
2,664.491
3,670.103
4,672.028
5,672.901
6,675.692
7,677.866
8,678.761
9,688.438
10,691.284
11,699.894
12,702.605
13,704.819
14,716.791
15,716.902
16,717.427
17,726.787
18,728.063
19,729.558
20,733.079
21,736.152
22,737.465
23,742.500
24,743.765
25,743.879
26,744.875
27,750.125
28,751.294
29,754.529
30,759.625
31,759.697
32,760.416
33,760.891
34,764.754
35,765.497
36,766.253
37,770.256
38,771.498
39,772.712
40,773.409
41,776.321
42,776.336
43,776.549
44,777.596
45,777.664
46,778.980
47,779.026
48,780.153
49,780.808
50,782.316
51,782.336
52,782.389
53,783.248
54,783.548
55,784.500
56,784.932
57,786.338
58,789.473
59,790.555
60,791.417
61,792.529
62,795.175
63,795.371
64,795.887
65,797.034
66,799.657
67,800.864
68,801.098
69,802.637
70,802.811
71,803.122
72,803.966
73,806.478
74,806.814
75,808.102
76,809.328
77,809.371
78,809.549
79,810.195
80,812.680
81,812.711
82,813.489
83,815.210
84,817.907
85,818.269
86,821.274
87,821.293
88,823.507
89,823.760
90,824.531
91,826.555
92,826.842
93,828.142
94,828.833
95,829.239
96,829.838
97,830.252
98,832.999
99,834.977
100,834.977
