Percentage served,Time in ms
0,107.426
1,359.985
2,382.644
3,445.533
4,615.398
5,704.892
6,813.028
7,900.385
8,998.607
9,1044.270
10,1084.439
11,1141.036
12,1170.583
13,1225.973
14,1271.935
15,1303.646
16,1322.890
17,1353.885
18,1371.700
19,1386.258
20,1443.186
21,1449.402
22,1509.603
23,1557.287
24,1584.493
25,1597.331
26,1602.933
27,1642.784
28,1667.592
29,1684.033
30,1710.553
31,1753.058
32,1776.534
33,1793.890
34,1816.800
35,1826.332
36,1849.820
37,1873.759
38,1891.017
39,1906.746
40,1911.803
41,1921.771
42,1932.850
43,1935.694
44,1946.302
45,1952.033
46,1954.464
47,1956.956
48,1971.222
49,1980.067
50,1985.903
51,1997.473
52,2001.669
53,2010.486
54,2017.409
55,2029.713
56,2039.745
57,2049.395
58,2052.681
59,2055.538
60,2064.376
61,2069.507
62,2075.765
63,2081.325
64,2092.864
65,2101.630
66,2104.231
67,2111.632
68,2118.523
69,2127.841
70,2132.270
71,2136.359
72,2140.722
73,2142.345
74,2143.715
75,2144.413
76,2149.647
77,2150.631
78,2153.182
79,2155.931
80,2159.517
81,2164.081
82,2165.810
83,2170.616
84,2173.869
85,2176.715
86,2179.002
87,2185.995
88,2188.059
89,2188.970
90,2190.812
91,2192.130
92,2193.341
93,2194.961
94,2197.436
95,2198.510
96,2200.559
97,2203.403
98,2204.238
99,2207.364
100,2211.525
