Percentage served,Time in ms
0,71.598
1,793.072
2,881.112
3,1124.912
4,1257.770
5,1291.737
6,1387.409
7,1397.028
8,1472.603
9,1538.653
10,1600.981
11,1646.936
12,1672.061
13,1708.466
14,1714.593
15,1730.450
16,1747.584
17,1759.678
18,1766.084
19,1773.297
20,1779.469
21,1802.266
22,1813.309
23,1815.142
24,1831.861
25,1844.989
26,1851.620
27,1855.595
28,1860.324
29,1863.745
30,1868.043
31,1871.672
32,1884.847
33,1908.746
34,1912.481
35,1925.899
36,1932.181
37,1934.597
38,1942.610
39,1944.382
40,1948.116
41,1958.270
42,1961.375
43,1975.737
44,1977.820
45,1984.617
46,1991.025
47,2007.119
48,2011.513
49,2012.948
50,2016.110
51,2017.205
52,2020.940
53,2030.108
54,2033.276
55,2035.276
56,2037.170
57,2039.648
58,2042.852
59,2044.796
60,2045.858
61,2046.745
62,2047.966
63,2050.176
64,2055.406
65,2057.067
66,2057.193
67,2059.416
68,2064.078
69,2066.221
70,2072.524
71,2075.924
72,2078.902
73,2080.700
74,2083.034
75,2085.907
76,2087.023
77,2089.569
78,2091.195
79,2092.342
80,2095.929
81,2096.596
82,2099.448
83,2100.080
84,2101.560
85,2101.946
86,2103.897
87,2107.670
88,2111.819
89,2113.875
90,2114.383
91,2116.393
92,2118.302
93,2119.899
94,2120.979
95,2125.983
96,2127.373
97,2128.505
98,2133.081
99,2136.051
100,2137.077
