0.0,8318066688.0
0.8470001220703125,8581632000.0
1.7799999713897705,8754950144.0
2.7790000438690186,9005146112.0
3.7780001163482666,9207783424.0
4.775000095367432,9556996096.0
5.775000095367432,10034970624.0
6.775000095367432,10431356928.0
7.7790000438690186,10841088000.0
8.775000095367432,11170840576.0
9.775000095367432,11436998656.0
10.775000095367432,11463766016.0
11.779000043869019,11396546560.0
12.787000179290771,11186290688.0
13.775000095367432,10737172480.0
14.775000095367432,10278080512.0
15.775000095367432,9693220864.0
