Percentage served,Time in ms
0,68.603
1,3175.509
2,3300.413
3,3602.511
4,3625.125
5,3794.962
6,3876.841
7,3895.660
8,3967.644
9,3971.064
10,4067.133
11,4088.270
12,4194.580
13,4196.528
14,4198.319
15,4199.554
16,4214.504
17,4281.972
18,4285.788
19,4288.367
20,4301.419
21,4379.350
22,4382.215
23,4470.174
24,4479.792
25,4566.346
26,4926.750
27,4933.911
28,4939.401
29,4955.400
30,4956.777
31,4959.071
32,4968.787
33,4973.926
34,4979.905
35,4982.890
36,4985.913
37,4987.194
38,4988.580
39,4990.234
40,4991.498
41,4993.977
42,4997.995
43,4999.179
44,5000.147
45,5003.541
46,5008.159
47,5055.441
48,5061.835
49,5064.597
50,5066.116
51,5067.425
52,5069.881
53,5071.404
54,5073.890
55,5076.598
56,5081.855
57,5172.151
58,5173.700
59,5177.540
60,5180.047
61,5183.109
62,5184.901
63,5190.321
64,5191.353
65,5192.325
66,5193.387
67,5195.684
68,5199.954
69,5253.965
70,5260.752
71,5264.239
72,5266.111
73,5270.538
74,5272.578
75,5378.285
76,5384.321
77,5387.455
78,5388.384
79,5389.217
80,5389.689
81,5394.186
82,5463.804
83,5472.999
84,5475.645
85,5576.620
86,5582.590
87,5585.459
88,5588.969
89,5591.674
90,5600.971
91,5655.198
92,5666.380
93,5675.543
94,5683.200
95,5757.784
96,5764.519
97,5768.828
98,5852.305
99,5859.628
100,5866.178
