Percentage served,Time in ms
0,250.316
1,2481.020
2,2684.105
3,2747.482
4,2778.636
5,2848.824
6,2877.904
7,2882.055
8,2957.509
9,2959.530
10,2966.685
11,2967.775
12,2995.161
13,3010.060
14,3032.077
15,3037.808
16,3038.392
17,3044.324
18,3059.019
19,3063.156
20,3069.142
21,3092.780
22,3095.307
23,3109.313
24,3116.428
25,3116.431
26,3158.319
27,3164.040
28,3164.693
29,3164.715
30,3170.197
31,3179.103
32,3191.061
33,3196.237
34,3198.525
35,3200.361
36,3205.184
37,3205.257
38,3208.455
39,3212.952
40,3214.494
41,3215.508
42,3216.417
43,3218.185
44,3222.543
45,3222.907
46,3225.182
47,3238.344
48,3244.752
49,3250.973
50,3251.115
51,3251.523
52,3254.972
53,3256.354
54,3257.094
55,3269.739
56,3270.058
57,3280.358
58,3287.646
59,3287.911
60,3289.374
61,3291.546
62,3299.215
63,3299.356
64,3301.703
65,3303.200
66,3303.769
67,3306.047
68,3309.160
69,3311.548
70,3313.552
71,3314.631
72,3315.322
73,3317.537
74,3321.182
75,3321.672
76,3322.500
77,3323.996
78,3325.428
79,3328.172
80,3328.364
81,3334.787
82,3340.409
83,3340.907
84,3341.038
85,3342.756
86,3343.344
87,3344.771
88,3346.743
89,3350.032
90,3352.965
91,3353.566
92,3353.736
93,3355.839
94,3356.494
95,3360.979
96,3362.257
97,3366.167
98,3368.806
99,3382.590
100,3382.590
