Percentage served,Time in ms
0,134.417
1,634.368
2,759.635
3,783.701
4,933.618
5,4270.936
6,4780.709
7,5159.224
8,5454.286
9,5565.330
10,5715.458
11,5967.254
12,6113.516
13,6324.239
14,6457.928
15,6591.760
16,6657.122
17,6888.494
18,7008.467
19,7181.408
20,7351.112
21,7423.059
22,7528.585
23,7682.611
24,7829.906
25,7908.054
26,8025.081
27,8103.127
28,8146.857
29,8235.094
30,8352.695
31,8397.376
32,8461.146
33,8492.629
34,8534.249
35,8599.022
36,8625.839
37,8668.956
38,8700.653
39,8784.756
40,8817.096
41,8852.773
42,8892.635
43,8927.864
44,8971.216
45,9007.950
46,9053.799
47,9073.659
48,9125.911
49,9146.861
50,9158.337
51,9185.715
52,9214.904
53,9245.864
54,9260.411
55,9270.344
56,9284.524
57,9292.518
58,9335.145
59,9357.056
60,9386.069
61,9407.195
62,9429.589
63,9451.704
64,9461.009
65,9493.286
66,9504.255
67,9520.599
68,9529.615
69,9537.686
70,9543.664
71,9550.804
72,9566.076
73,9577.578
74,9591.933
75,9604.039
76,9622.085
77,9636.945
78,9648.364
79,9670.269
80,9683.034
81,9692.479
82,9704.785
83,9716.324
84,9738.026
85,9747.825
86,9761.607
87,9782.255
88,9792.196
89,9803.804
90,9808.812
91,9816.095
92,9823.754
93,9833.694
94,9841.161
95,9847.680
96,9857.753
97,9864.394
98,9873.373
99,9885.071
100,9913.775
