Percentage served,Time in ms
0,180.377
1,2484.601
2,4020.846
3,4557.271
4,7404.885
5,8409.083
6,9020.032
7,9423.360
8,9554.222
9,9726.995
10,9966.018
11,10081.145
12,10238.193
13,10768.200
14,10919.272
15,11131.976
16,11444.064
17,11766.686
18,12025.285
19,12156.970
20,12262.779
21,12406.108
22,12511.157
23,12637.534
24,12801.558
25,12893.533
26,12952.126
27,13001.007
28,13160.734
29,13283.633
30,13338.834
31,13392.061
32,13438.796
33,13535.059
34,13588.608
35,13626.411
36,13665.289
37,13725.086
38,13757.067
39,13784.119
40,13822.770
41,13864.397
42,13899.349
43,13922.922
44,13931.543
45,13956.985
46,13985.612
47,14048.462
48,14078.133
49,14096.985
50,14137.139
51,14165.846
52,14174.208
53,14194.501
54,14215.031
55,14256.185
56,14268.364
57,14299.471
58,14318.031
59,14325.927
60,14337.953
61,14353.074
62,14373.048
63,14382.982
64,14410.961
65,14418.703
66,14439.592
67,14467.662
68,14482.888
69,14501.633
70,14508.524
71,14516.704
72,14533.682
73,14544.618
74,14552.741
75,14563.991
76,14590.930
77,14599.555
78,14604.321
79,14616.537
80,14625.774
81,14631.452
82,14638.581
83,14656.704
84,14661.972
85,14671.375
86,14682.609
87,14691.261
88,14699.453
89,14709.905
90,14719.912
91,14724.471
92,14731.069
93,14733.550
94,14740.770
95,14747.467
96,14752.955
97,14756.671
98,14759.704
99,14767.286
100,14770.980
