Percentage served,Time in ms
0,369.259
1,2425.070
2,2505.254
3,2889.693
4,2943.466
5,3083.322
6,3149.571
7,3228.472
8,3256.158
9,3293.442
10,3373.325
11,3447.749
12,3480.979
13,3531.154
14,3549.191
15,3587.328
16,3593.854
17,3680.050
18,3729.309
19,3749.144
20,3762.525
21,3764.246
22,3789.023
23,3797.416
24,3828.005
25,3843.147
26,3855.452
27,3858.686
28,3896.434
29,3902.461
30,3929.392
31,3945.180
32,3953.377
33,3961.008
34,3973.008
35,3978.870
36,3982.291
37,3992.178
38,3994.192
39,3997.336
40,4018.237
41,4020.313
42,4028.977
43,4064.927
44,4067.415
45,4069.445
46,4073.900
47,4081.508
48,4087.877
49,4119.602
50,4139.344
51,4145.223
52,4158.369
53,4161.737
54,4173.669
55,4177.358
56,4180.538
57,4191.920
58,4199.047
59,4201.059
60,4214.877
61,4218.010
62,4218.977
63,4224.881
64,4226.550
65,4228.690
66,4232.389
67,4233.690
68,4236.751
69,4247.800
70,4251.553
71,4253.594
72,4255.553
73,4267.212
74,4268.854
75,4271.337
76,4277.255
77,4278.136
78,4281.783
79,4282.968
80,4284.265
81,4287.954
82,4288.607
83,4291.696
84,4293.586
85,4294.027
86,4299.163
87,4299.936
88,4302.571
89,4308.203
90,4309.928
91,4311.623
92,4313.467
93,4313.959
94,4314.752
95,4318.705
96,4319.159
97,4326.271
98,4328.760
99,4333.938
100,4345.947
