Percentage served,Time in ms
0,581.774
1,5308.758
2,5532.738
3,5629.255
4,5650.651
5,5887.648
6,6066.479
7,6120.948
8,6152.013
9,6244.118
10,6261.060
11,6279.907
12,6376.141
13,6391.403
14,6465.052
15,6555.642
16,6590.753
17,6604.078
18,6644.221
19,6717.385
20,6802.688
21,6833.926
22,6847.142
23,6850.909
24,6869.783
25,6926.785
26,6953.752
27,6957.209
28,7000.518
29,7020.417
30,7050.834
31,7055.699
32,7077.154
33,7089.465
34,7108.609
35,7131.021
36,7138.715
37,7148.615
38,7171.071
39,7177.747
40,7184.068
41,7198.835
42,7218.640
43,7240.107
44,7246.290
45,7248.664
46,7260.338
47,7273.416
48,7281.025
49,7282.429
50,7298.035
51,7304.329
52,7308.184
53,7308.385
54,7309.922
55,7330.081
56,7345.286
57,7350.283
58,7370.376
59,7374.228
60,7376.119
61,7382.305
62,7387.600
63,7400.326
64,7404.706
65,7408.145
66,7413.843
67,7420.912
68,7425.697
69,7429.557
70,7434.413
71,7440.322
72,7441.231
73,7447.964
74,7453.782
75,7455.940
76,7464.365
77,7467.777
78,7470.364
79,7472.018
80,7473.800
81,7477.339
82,7488.604
83,7494.356
84,7499.620
85,7505.161
86,7505.895
87,7511.791
88,7514.517
89,7515.159
90,7519.549
91,7523.302
92,7536.502
93,7536.579
94,7539.069
95,7543.439
96,7548.498
97,7551.266
98,7559.237
99,7564.203
100,7576.507
