Percentage served,Time in ms
0,80.732
1,497.820
2,574.537
3,798.445
4,1351.397
5,3973.466
6,4248.203
7,4353.533
8,4395.685
9,4478.755
10,4620.996
11,4722.143
12,4786.992
13,4905.766
14,4945.808
15,5140.481
16,5280.020
17,5438.882
18,5698.989
19,5804.884
20,5857.506
21,6011.036
22,6101.993
23,6145.491
24,6186.037
25,6218.717
26,6252.214
27,6294.994
28,6340.811
29,6376.996
30,6440.369
31,6461.449
32,6483.181
33,6504.251
34,6564.941
35,6590.822
36,6631.231
37,6652.251
38,6675.711
39,6691.019
40,6711.292
41,6718.539
42,6747.446
43,6758.492
44,6771.822
45,6789.865
46,6807.086
47,6817.298
48,6841.906
49,6862.587
50,6896.053
51,6921.382
52,6934.452
53,6947.326
54,6957.524
55,6964.438
56,6971.195
57,6979.613
58,6987.437
59,6998.621
60,7018.857
61,7025.770
62,7034.758
63,7048.763
64,7061.368
65,7068.451
66,7078.275
67,7086.635
68,7098.282
69,7107.727
70,7115.508
71,7125.018
72,7142.504
73,7150.415
74,7155.703
75,7161.752
76,7166.252
77,7180.685
78,7186.150
79,7195.905
80,7198.162
81,7200.759
82,7203.849
83,7211.092
84,7220.323
85,7224.996
86,7232.490
87,7238.198
88,7246.620
89,7253.445
90,7262.347
91,7266.539
92,7269.332
93,7274.722
94,7280.833
95,7283.963
96,7292.278
97,7295.335
98,7299.746
99,7305.496
100,7315.985
