Percentage served,Time in ms
0,435.851
1,8479.649
2,8859.629
3,9010.614
4,9194.473
5,9296.381
6,9327.464
7,9427.772
8,9531.098
9,9557.300
10,9587.405
11,9695.022
12,9709.419
13,9796.634
14,9810.306
15,9894.466
16,9908.296
17,9938.221
18,9960.210
19,9975.196
20,9993.895
21,10030.800
22,10044.148
23,10060.376
24,10128.102
25,10131.677
26,10147.010
27,10172.930
28,10178.892
29,10189.566
30,10200.109
31,10212.464
32,10226.321
33,10245.255
34,10249.011
35,10262.064
36,10269.205
37,10312.175
38,10319.414
39,10333.775
40,10341.540
41,10365.217
42,10370.888
43,10384.274
44,10392.590
45,10410.633
46,10433.768
47,10450.750
48,10465.273
49,10470.500
50,10487.107
51,10492.132
52,10504.799
53,10510.690
54,10526.811
55,10536.608
56,10551.248
57,10563.897
58,10570.277
59,10576.059
60,10580.892
61,10592.494
62,10603.773
63,10618.471
64,10624.881
65,10629.632
66,10632.417
67,10634.444
68,10637.637
69,10643.020
70,10645.141
71,10654.377
72,10665.601
73,10679.266
74,10683.145
75,10691.207
76,10700.232
77,10714.971
78,10725.376
79,10729.932
80,10739.393
81,10752.425
82,10757.858
83,10759.845
84,10761.214
85,10761.820
86,10764.056
87,10775.111
88,10783.006
89,10790.547
90,10793.097
91,10796.470
92,10796.964
93,10797.802
94,10804.874
95,10809.744
96,10811.843
97,10813.265
98,10816.749
99,10822.709
100,10828.836
