Percentage served,Time in ms
0,243.209
1,10905.734
2,15236.445
3,16284.110
4,18416.525
5,19438.162
6,20462.279
7,20916.573
8,21361.784
9,21833.143
10,22168.857
11,23073.301
12,23441.983
13,23932.914
14,24591.897
15,24958.110
16,25474.236
17,25954.402
18,26522.877
19,26850.091
20,27274.943
21,27374.710
22,27595.209
23,27818.227
24,27970.942
25,28202.706
26,28291.480
27,28384.089
28,28480.788
29,28553.706
30,28638.954
31,28812.140
32,28847.564
33,28881.664
34,28957.251
35,29067.170
36,29177.164
37,29261.652
38,29319.095
39,29375.088
40,29454.368
41,29519.001
42,29583.491
43,29637.092
44,29670.898
45,29712.079
46,29736.269
47,29859.134
48,29900.212
49,29949.450
50,29975.516
51,29996.639
52,30037.900
53,30075.722
54,30111.015
55,30137.208
56,30167.058
57,30197.550
58,30228.672
59,30257.760
60,30304.410
61,30340.121
62,30349.954
63,30400.114
64,30431.167
65,30470.347
66,30497.198
67,30522.145
68,30539.868
69,30564.483
70,30592.380
71,30625.525
72,30642.669
73,30668.528
74,30693.856
75,30719.989
76,30746.857
77,30789.786
78,30812.027
79,30832.789
80,30849.765
81,30866.446
82,30884.890
83,30914.570
84,30938.431
85,30956.860
86,30970.204
87,30990.861
88,31006.607
89,31013.881
90,31027.763
91,31041.972
92,31057.771
93,31070.566
94,31078.627
95,31097.831
96,31103.342
97,31111.778
98,31125.068
99,31147.392
100,31171.263
