Percentage served,Time in ms
0,45.150
1,336.258
2,475.167
3,494.207
4,494.349
5,613.329
6,673.440
7,726.995
8,891.437
9,1010.295
10,1153.056
11,1210.717
12,1313.076
13,1361.833
14,1420.905
15,1440.939
16,1461.026
17,1472.984
18,1493.464
19,1514.817
20,1529.173
21,1561.360
22,1587.817
23,1598.409
24,1626.527
25,1636.153
26,1652.826
27,1679.577
28,1697.202
29,1712.538
30,1744.805
31,1765.555
32,1769.904
33,1782.836
34,1797.178
35,1830.539
36,1862.684
37,1910.447
38,1923.602
39,1942.924
40,1951.643
41,1973.979
42,1982.011
43,1999.402
44,2017.349
45,2031.866
46,2041.294
47,2054.942
48,2062.277
49,2064.876
50,2082.920
51,2085.071
52,2087.289
53,2101.673
54,2107.014
55,2110.541
56,2119.585
57,2133.639
58,2140.060
59,2157.979
60,2179.754
61,2191.191
62,2198.464
63,2209.125
64,2215.547
65,2224.214
66,2232.005
67,2233.795
68,2237.582
69,2238.897
70,2246.816
71,2253.408
72,2259.001
73,2262.291
74,2265.472
75,2267.369
76,2269.759
77,2274.223
78,2277.304
79,2283.932
80,2286.975
81,2288.125
82,2289.632
83,2292.500
84,2292.789
85,2296.469
86,2300.306
87,2305.222
88,2305.745
89,2309.450
90,2311.602
91,2312.430
92,2313.757
93,2316.283
94,2319.760
95,2321.297
96,2322.973
97,2325.640
98,2326.812
99,2331.064
100,2334.791
