Percentage served,Time in ms
0,456.234
1,10392.825
2,10788.401
3,11275.255
4,12231.776
5,13224.669
6,13441.930
7,13643.332
8,13902.358
9,14000.585
10,14238.388
11,14401.709
12,14455.404
13,14652.905
14,14739.680
15,14780.771
16,14798.769
17,14856.683
18,14911.570
19,14928.869
20,14982.085
21,14993.232
22,15025.481
23,15098.018
24,15201.508
25,15234.417
26,15291.538
27,15334.596
28,15348.493
29,15422.645
30,15457.569
31,15515.080
32,15600.982
33,15640.638
34,15673.522
35,15701.684
36,15712.941
37,15733.596
38,15796.307
39,15816.659
40,15835.117
41,15873.619
42,15898.448
43,15922.326
44,15943.475
45,15962.931
46,15975.225
47,16004.534
48,16012.154
49,16029.142
50,16040.627
51,16053.747
52,16064.276
53,16071.439
54,16087.208
55,16095.864
56,16099.983
57,16106.268
58,16118.559
59,16134.727
60,16146.433
61,16154.167
62,16167.321
63,16171.670
64,16185.969
65,16199.837
66,16205.375
67,16211.773
68,16219.760
69,16228.032
70,16233.630
71,16249.123
72,16255.117
73,16258.808
74,16269.276
75,16274.647
76,16278.213
77,16290.040
78,16295.228
79,16301.564
80,16317.713
81,16328.057
82,16339.810
83,16347.837
84,16353.521
85,16362.481
86,16374.062
87,16380.774
88,16388.104
89,16394.993
90,16399.623
91,16404.807
92,16410.327
93,16415.480
94,16418.371
95,16422.161
96,16433.744
97,16439.963
98,16443.978
99,16458.845
100,16463.944
