Percentage served,Time in ms
0,563.149
1,53406.082
2,54159.454
3,54274.090
4,54612.555
5,55410.370
6,55593.423
7,56291.915
8,57518.702
9,57660.733
10,57667.511
11,57690.265
12,57798.596
13,57915.607
14,57942.439
15,58530.954
16,58573.801
17,58928.452
18,59014.737
19,59165.185
20,59168.833
21,59184.494
22,59209.377
23,59702.899
24,60121.582
25,60139.229
26,60195.390
27,60746.662
28,60897.612
29,60969.618
30,61028.301
31,61134.385
32,61200.849
33,61307.738
34,61499.876
35,62220.060
36,62303.188
37,62316.908
38,62336.430
39,62659.428
40,62665.671
41,62686.274
42,62690.776
43,62724.121
44,62746.136
45,62851.366
46,62857.558
47,62877.341
48,62897.121
49,62914.719
50,62947.026
51,62990.425
52,63212.888
53,63243.336
54,63268.192
55,63281.677
56,63291.931
57,63317.631
58,63385.197
59,63391.041
60,63446.964
61,63563.423
62,63590.467
63,63626.578
64,63651.785
65,63695.743
66,63726.591
67,63735.797
68,63789.620
69,63842.076
70,63908.556
71,63926.578
72,63931.088
73,63944.983
74,63970.256
75,64016.444
76,64050.796
77,64078.790
78,64115.544
79,64134.605
80,64141.817
81,64146.855
82,64176.985
83,64198.032
84,64212.690
85,64225.288
86,64235.977
87,64245.887
88,64258.258
89,64260.519
90,64274.806
91,64287.898
92,64307.701
93,64462.492
94,64477.860
95,64491.442
96,64509.761
97,64517.755
98,64528.639
99,64536.526
100,64541.143
