Percentage served,Time in ms
0,65.787
1,580.703
2,655.089
3,715.626
4,734.465
5,1478.624
6,2046.883
7,2157.262
8,2421.223
9,2509.485
10,2680.247
11,2804.435
12,2874.163
13,2966.460
14,3042.311
15,3102.738
16,3166.641
17,3252.649
18,3302.254
19,3354.537
20,3389.855
21,3466.953
22,3535.232
23,3579.900
24,3609.379
25,3658.062
26,3718.957
27,3756.778
28,3784.240
29,3829.211
30,3887.348
31,3928.083
32,3957.431
33,4039.013
34,4070.788
35,4097.105
36,4136.608
37,4184.633
38,4198.200
39,4228.615
40,4250.115
41,4273.299
42,4292.141
43,4316.853
44,4346.390
45,4398.640
46,4420.705
47,4428.688
48,4450.613
49,4493.936
50,4514.851
51,4526.131
52,4537.988
53,4551.436
54,4572.168
55,4589.185
56,4602.351
57,4617.510
58,4625.224
59,4632.240
60,4637.544
61,4651.868
62,4659.032
63,4672.691
64,4678.753
65,4688.090
66,4699.672
67,4714.278
68,4720.932
69,4730.124
70,4735.816
71,4751.706
72,4760.883
73,4771.734
74,4784.187
75,4792.300
76,4801.869
77,4813.942
78,4820.260
79,4829.759
80,4836.063
81,4847.644
82,4861.393
83,4872.798
84,4891.484
85,4897.661
86,4905.006
87,4915.551
88,4922.011
89,4930.428
90,4934.882
91,4940.820
92,4944.934
93,4950.659
94,4957.976
95,4963.743
96,4969.253
97,4976.438
98,4985.372
99,4994.769
100,5013.837
