Percentage served,Time in ms
0,145.959
1,786.407
2,841.691
3,858.906
4,864.438
5,871.238
6,892.153
7,901.770
8,924.039
9,927.332
10,935.646
11,941.303
12,953.682
13,955.666
14,959.193
15,966.443
16,997.805
17,1000.639
18,1012.440
19,1016.710
20,1022.882
21,1023.550
22,1024.842
23,1042.739
24,1054.273
25,1056.138
26,1060.847
27,1069.034
28,1072.834
29,1080.224
30,1084.845
31,1085.759
32,1088.595
33,1090.928
34,1091.139
35,1091.392
36,1092.470
37,1093.043
38,1099.442
39,1100.153
40,1106.276
41,1107.241
42,1107.996
43,1108.815
44,1108.816
45,1111.354
46,1113.079
47,1119.136
48,1121.282
49,1127.246
50,1128.959
51,1129.494
52,1132.922
53,1133.737
54,1133.751
55,1135.076
56,1135.691
57,1141.226
58,1150.765
59,1152.668
60,1156.225
61,1156.259
62,1158.378
63,1159.559
64,1162.247
65,1163.041
66,1163.561
67,1164.204
68,1164.606
69,1166.148
70,1166.418
71,1170.744
72,1171.080
73,1177.313
74,1178.352
75,1180.144
76,1180.963
77,1181.524
78,1182.626
79,1184.752
80,1185.165
81,1185.322
82,1190.799
83,1190.945
84,1191.604
85,1191.630
86,1191.906
87,1192.408
88,1193.106
89,1193.946
90,1196.304
91,1196.614
92,1197.617
93,1200.977
94,1201.051
95,1201.175
96,1202.261
97,1203.308
98,1203.659
99,1204.117
100,1204.117
