Percentage served,Time in ms
0,337.394
1,16983.403
2,19525.038
3,33594.819
4,35477.724
5,37483.826
6,37759.341
7,38547.322
8,39366.807
9,39790.305
10,40267.030
11,40604.882
12,41026.895
13,41123.206
14,41368.233
15,41599.579
16,41748.385
17,41987.717
18,42193.115
19,42432.224
20,42565.862
21,42646.157
22,42926.294
23,43027.576
24,43101.343
25,43322.135
26,43465.494
27,43578.370
28,43757.128
29,43817.517
30,43856.451
31,44011.679
32,44082.294
33,44160.559
34,44217.777
35,44256.644
36,44325.095
37,44356.014
38,44424.648
39,44551.493
40,44587.702
41,44670.520
42,44713.674
43,44754.709
44,44834.100
45,44877.280
46,44913.343
47,44945.876
48,44987.844
49,45035.519
50,45064.328
51,45102.960
52,45143.567
53,45178.726
54,45200.391
55,45235.933
56,45281.698
57,45301.649
58,45318.757
59,45347.121
60,45380.873
61,45410.171
62,45420.415
63,45436.665
64,45453.207
65,45473.824
66,45489.683
67,45536.845
68,45553.094
69,45596.943
70,45619.281
71,45642.402
72,45662.813
73,45675.597
74,45695.395
75,45706.430
76,45720.955
77,45729.866
78,45736.538
79,45752.217
80,45766.722
81,45782.583
82,45801.729
83,45805.283
84,45821.876
85,45847.198
86,45873.970
87,45890.199
88,45900.240
89,45915.676
90,45922.035
91,45931.486
92,45944.136
93,45958.418
94,45967.708
95,45976.273
96,45984.833
97,45994.101
98,46001.571
99,46010.840
100,46035.456
