Percentage served,Time in ms
0,534.801
1,15919.213
2,17408.525
3,17634.480
4,17867.829
5,18061.505
6,18180.868
7,18464.935
8,18613.156
9,18953.590
10,19254.033
11,19376.259
12,19672.950
13,19856.800
14,19938.768
15,20045.401
16,20118.873
17,20227.295
18,20290.682
19,20327.911
20,20398.622
21,20419.189
22,20465.161
23,20615.478
24,20745.446
25,20795.499
26,20837.394
27,20959.421
28,20999.326
29,21028.802
30,21120.198
31,21153.572
32,21167.821
33,21185.389
34,21204.254
35,21253.611
36,21277.108
37,21298.477
38,21341.067
39,21407.385
40,21415.983
41,21463.844
42,21498.899
43,21517.739
44,21546.674
45,21580.042
46,21595.285
47,21625.434
48,21637.618
49,21652.751
50,21665.185
51,21678.078
52,21716.312
53,21726.892
54,21746.149
55,21752.173
56,21771.089
57,21797.969
58,21812.876
59,21827.362
60,21834.444
61,21843.646
62,21853.103
63,21857.709
64,21861.000
65,21873.113
66,21876.733
67,21892.791
68,21900.835
69,21925.886
70,21934.636
71,21941.940
72,21946.310
73,21951.761
74,21958.932
75,21974.005
76,22005.860
77,22011.023
78,22018.995
79,22021.931
80,22026.576
81,22036.021
82,22043.074
83,22050.056
84,22074.380
85,22082.317
86,22094.833
87,22111.090
88,22118.313
89,22125.631
90,22130.917
91,22138.217
92,22149.561
93,22163.939
94,22172.141
95,22177.821
96,22184.870
97,22193.443
98,22198.616
99,22202.285
100,22217.141
