Percentage served,Time in ms
0,405.991
1,3687.047
2,3730.763
3,3750.874
4,3772.252
5,3810.191
6,3860.180
7,3885.899
8,3885.939
9,3963.193
10,3976.185
11,3980.844
12,4002.064
13,4003.094
14,4100.641
15,4113.693
16,4116.188
17,4123.189
18,4126.347
19,4133.799
20,4135.203
21,4141.198
22,4161.380
23,4166.203
24,4177.672
25,4180.931
26,4181.976
27,4184.490
28,4194.439
29,4198.211
30,4199.206
31,4204.709
32,4204.780
33,4210.092
34,4214.195
35,4214.546
36,4214.743
37,4230.097
38,4235.422
39,4239.534
40,4243.282
41,4251.047
42,4260.984
43,4288.778
44,4290.245
45,4292.387
46,4297.799
47,4303.104
48,4304.364
49,4305.206
50,4311.021
51,4319.758
52,4323.194
53,4329.752
54,4329.806
55,4334.788
56,4335.876
57,4339.407
58,4339.536
59,4342.803
60,4345.296
61,4345.363
62,4354.075
63,4363.436
64,4364.151
65,4364.777
66,4365.428
67,4367.621
68,4368.872
69,4369.649
70,4373.362
71,4373.853
72,4374.734
73,4375.273
74,4377.652
75,4389.372
76,4390.667
77,4391.953
78,4399.721
79,4407.091
80,4409.801
81,4412.842
82,4413.740
83,4416.872
84,4417.403
85,4421.638
86,4424.937
87,4427.276
88,4428.783
89,4429.162
90,4432.377
91,4433.041
92,4434.477
93,4438.602
94,4438.626
95,4440.881
96,4443.851
97,4446.341
98,4446.520
99,4450.507
100,4450.507
