Percentage served,Time in ms
0,131.510
1,566.079
2,572.699
3,575.111
4,602.523
5,631.841
6,852.543
7,1028.659
8,1189.224
9,1255.311
10,1321.204
11,1430.253
12,1572.420
13,1778.335
14,1854.008
15,1900.329
16,1927.373
17,1939.591
18,1974.127
19,2020.223
20,2049.881
21,2065.515
22,2098.855
23,2153.411
24,2181.543
25,2234.312
26,2276.653
27,2333.968
28,2365.446
29,2426.840
30,2480.792
31,2527.415
32,2588.767
33,2610.018
34,2647.023
35,2680.912
36,2712.586
37,2753.447
38,2816.641
39,2830.665
40,2854.252
41,2905.324
42,2925.672
43,2963.737
44,2999.029
45,3018.806
46,3036.063
47,3055.786
48,3074.116
49,3101.926
50,3113.802
51,3140.690
52,3156.459
53,3173.785
54,3194.038
55,3203.674
56,3225.740
57,3239.471
58,3262.455
59,3278.886
60,3300.696
61,3310.163
62,3322.948
63,3330.434
64,3355.884
65,3375.044
66,3388.689
67,3393.093
68,3404.006
69,3411.671
70,3430.174
71,3438.938
72,3445.720
73,3458.554
74,3480.644
75,3484.231
76,3487.887
77,3493.868
78,3498.306
79,3507.518
80,3514.345
81,3524.834
82,3529.501
83,3539.302
84,3546.539
85,3548.618
86,3558.431
87,3567.003
88,3570.511
89,3578.616
90,3581.658
91,3589.278
92,3593.058
93,3596.185
94,3598.681
95,3600.919
96,3604.176
97,3605.119
98,3613.495
99,3618.241
100,3626.910
