Percentage served,Time in ms
0,625.003
1,8848.822
2,12025.412
3,12836.314
4,13643.358
5,14471.454
6,15054.575
7,15400.051
8,16045.710
9,16716.214
10,17193.728
11,17480.959
12,18245.533
13,18510.551
14,18901.805
15,19165.249
16,19378.565
17,19589.573
18,19724.883
19,19902.044
20,20044.586
21,20265.764
22,20376.419
23,20521.127
24,20684.357
25,20744.740
26,20878.930
27,21020.213
28,21085.625
29,21259.844
30,21400.472
31,21562.874
32,21612.978
33,21659.753
34,21705.391
35,21738.102
36,21800.419
37,21841.824
38,21892.608
39,21930.402
40,22007.721
41,22097.407
42,22154.525
43,22181.574
44,22205.524
45,22239.773
46,22268.011
47,22320.449
48,22374.824
49,22414.158
50,22456.501
51,22484.081
52,22511.279
53,22540.253
54,22569.831
55,22584.569
56,22600.370
57,22610.893
58,22621.403
59,22632.901
60,22644.345
61,22659.287
62,22679.478
63,22695.142
64,22737.944
65,22746.524
66,22767.088
67,22792.400
68,22810.556
69,22824.894
70,22845.805
71,22866.423
72,22878.123
73,22893.975
74,22911.994
75,22921.106
76,22940.237
77,22953.338
78,22967.258
79,22975.377
80,22987.515
81,22995.915
82,23009.544
83,23013.401
84,23031.987
85,23039.407
86,23049.315
87,23063.069
88,23068.665
89,23080.037
90,23090.228
91,23097.256
92,23104.499
93,23113.398
94,23118.744
95,23125.209
96,23131.949
97,23136.501
98,23143.657
99,23150.067
100,23168.300
