Percentage served,Time in ms
0,416.907
1,2952.498
2,4898.490
3,6509.653
4,9283.197
5,9837.693
6,10595.897
7,11027.957
8,11319.114
9,11724.301
10,12255.686
11,12823.996
12,13250.905
13,13710.719
14,14221.229
15,14818.646
16,15108.757
17,15249.645
18,15897.773
19,16162.110
20,16569.463
21,16693.612
22,16946.331
23,17158.331
24,17340.214
25,17458.305
26,17590.505
27,17703.485
28,17865.847
29,17993.038
30,18164.329
31,18242.500
32,18308.347
33,18367.416
34,18499.035
35,18587.498
36,18629.315
37,18671.719
38,18709.811
39,18759.513
40,18796.997
41,18832.660
42,18868.687
43,18889.592
44,18928.506
45,18984.704
46,19019.383
47,19042.162
48,19096.495
49,19118.762
50,19141.759
51,19167.051
52,19209.582
53,19245.033
54,19273.153
55,19296.126
56,19324.422
57,19358.794
58,19404.033
59,19436.308
60,19479.806
61,19495.073
62,19523.412
63,19540.276
64,19560.564
65,19593.776
66,19603.497
67,19628.729
68,19647.188
69,19662.572
70,19678.693
71,19701.351
72,19732.760
73,19747.382
74,19756.229
75,19768.620
76,19780.941
77,19799.242
78,19821.781
79,19838.279
80,19851.615
81,19858.303
82,19873.018
83,19882.978
84,19896.417
85,19903.358
86,19910.478
87,19922.426
88,19936.100
89,19943.550
90,19956.108
91,19966.347
92,19974.192
93,19977.090
94,19986.110
95,19996.097
96,20005.228
97,20010.925
98,20018.996
99,20031.135
100,20048.368
