Percentage served,Time in ms
0,278.083
1,14250.756
2,14301.880
3,14557.029
4,14557.274
5,14662.134
6,14753.151
7,14754.729
8,14937.764
9,14940.485
10,15133.044
11,15386.322
12,15387.048
13,15614.223
14,15716.938
15,15720.948
16,15766.278
17,16000.299
18,16075.838
19,16076.197
20,16170.218
21,16306.339
22,16306.950
23,16307.068
24,16379.814
25,16380.956
26,16685.721
27,16686.606
28,16690.514
29,16800.497
30,16801.343
31,16802.207
32,16807.425
33,16810.731
34,16812.175
35,16813.658
36,16814.457
37,16815.873
38,16817.078
39,16864.858
40,16865.731
41,16865.843
42,16866.591
43,17020.882
44,17024.569
45,17028.536
46,17030.700
47,17032.018
48,17032.374
49,17035.920
50,17036.301
51,17036.774
52,17037.117
53,17037.569
54,17038.193
55,17214.200
56,17220.056
57,17222.026
58,17224.790
59,17226.101
60,17334.804
61,17338.971
62,17341.758
63,17342.417
64,17351.098
65,17539.768
66,17541.006
67,17666.383
68,17670.218
69,17673.598
70,17673.775
71,17676.293
72,17677.250
73,17703.717
74,17704.977
75,17705.233
76,17706.911
77,17707.762
78,17708.143
79,17748.696
80,17750.005
81,17750.536
82,17910.518
83,17915.977
84,17916.326
85,18144.965
86,18147.704
87,18151.672
88,18152.129
89,18247.464
90,18248.328
91,18252.408
92,18253.293
93,18257.135
94,18261.927
95,18429.456
96,18431.874
97,18436.841
98,18522.716
99,18524.125
100,18524.125
