Percentage served,Time in ms
0,202.010
1,445.732
2,571.401
3,969.298
4,1312.265
5,1481.481
6,1856.389
7,2167.412
8,2477.672
9,2622.004
10,2696.050
11,2770.846
12,2814.333
13,2903.628
14,2939.141
15,2962.629
16,3000.895
17,3053.345
18,3134.593
19,3203.919
20,3304.550
21,3413.897
22,3455.222
23,3510.166
24,3588.122
25,3673.508
26,3704.600
27,3752.696
28,3819.145
29,3890.320
30,3953.806
31,3966.054
32,3999.975
33,4016.820
34,4031.158
35,4050.287
36,4061.489
37,4085.980
38,4107.916
39,4121.403
40,4154.169
41,4170.288
42,4184.507
43,4197.692
44,4237.118
45,4252.508
46,4281.231
47,4295.115
48,4312.534
49,4323.959
50,4332.135
51,4348.567
52,4371.251
53,4377.357
54,4384.947
55,4392.712
56,4403.214
57,4435.831
58,4444.632
59,4448.372
60,4454.527
61,4463.059
62,4475.897
63,4487.631
64,4490.761
65,4493.902
66,4505.218
67,4512.824
68,4521.000
69,4525.303
70,4537.155
71,4541.551
72,4553.265
73,4559.420
74,4563.901
75,4570.457
76,4578.509
77,4585.144
78,4596.928
79,4601.925
80,4605.177
81,4611.666
82,4618.855
83,4621.877
84,4624.425
85,4628.028
86,4633.788
87,4638.345
88,4639.950
89,4642.398
90,4649.989
91,4653.633
92,4658.245
93,4663.586
94,4667.143
95,4670.567
96,4672.328
97,4676.204
98,4677.609
99,4680.893
100,4690.636
