Percentage served,Time in ms
0,187.666
1,11283.647
2,11303.597
3,12097.692
4,12488.592
5,12494.289
6,12586.693
7,12592.183
8,12840.201
9,12976.132
10,13287.013
11,13490.893
12,13507.394
13,13510.297
14,13853.878
15,13858.478
16,13862.245
17,13868.595
18,13870.464
19,13876.126
20,13892.868
21,13960.745
22,13967.162
23,13971.888
24,14192.475
25,14349.730
26,14353.720
27,14355.505
28,14363.602
29,14444.481
30,14592.079
31,14715.688
32,14742.857
33,14745.522
34,14747.127
35,14749.736
36,14756.288
37,14758.244
38,14762.735
39,14771.224
40,14777.833
41,14843.637
42,14848.883
43,14855.644
44,14861.758
45,14994.528
46,15000.780
47,15006.111
48,15019.259
49,15048.689
50,15067.209
51,15075.414
52,15077.651
53,15080.689
54,15082.592
55,15085.099
56,15092.390
57,15159.097
58,15165.866
59,15167.570
60,15174.827
61,15176.058
62,15179.673
63,15182.596
64,15184.357
65,15188.540
66,15190.563
67,15410.523
68,15417.959
69,15426.725
70,15482.643
71,15605.831
72,15618.698
73,15624.612
74,15628.379
75,15640.346
76,15665.395
77,15667.620
78,15669.259
79,15675.393
80,15680.836
81,15746.298
82,15746.937
83,15747.076
84,15748.611
85,15752.262
86,15757.145
87,15835.185
88,15844.308
89,15989.017
90,15994.830
91,16074.671
92,16082.727
93,16091.840
94,16182.532
95,16183.947
96,16193.582
97,16277.860
98,16287.155
99,16376.901
100,16380.629
