Percentage served,Time in ms
0,449.081
1,644.284
2,671.676
3,678.860
4,679.774
5,683.331
6,693.829
7,699.828
8,703.851
9,703.860
10,707.479
11,707.602
12,709.109
13,720.307
14,720.694
15,721.690
16,726.208
17,728.641
18,730.578
19,734.700
20,738.837
21,742.718
22,750.537
23,752.345
24,753.190
25,756.023
26,756.929
27,757.808
28,759.201
29,763.349
30,767.657
31,772.030
32,772.591
33,773.436
34,773.651
35,774.083
36,774.535
37,775.836
38,776.405
39,776.697
40,777.577
41,778.091
42,781.975
43,784.245
44,784.839
45,785.445
46,787.107
47,789.432
48,789.585
49,791.224
50,792.516
51,792.872
52,793.925
53,798.111
54,800.947
55,804.412
56,806.355
57,806.402
58,807.489
59,808.606
60,810.279
61,810.342
62,811.877
63,812.763
64,813.332
65,813.671
66,813.760
67,814.106
68,814.382
69,815.931
70,816.497
71,816.703
72,817.651
73,818.556
74,819.316
75,820.660
76,821.589
77,822.616
78,823.654
79,824.347
80,824.799
81,824.928
82,825.843
83,826.177
84,828.093
85,828.884
86,829.450
87,830.110
88,830.516
89,831.514
90,831.999
91,832.427
92,832.548
93,832.642
94,832.700
95,833.209
96,836.229
97,837.763
98,837.985
99,846.664
100,846.664
