Percentage served,Time in ms
0,471.416
1,21991.184
2,23857.733
3,24850.777
4,26128.068
5,27202.162
6,28251.636
7,28741.144
8,29185.082
9,29372.548
10,29699.335
11,29914.301
12,30136.749
13,30623.351
14,30705.437
15,31026.496
16,31072.563
17,31181.175
18,31316.461
19,31428.650
20,31464.779
21,31585.048
22,31651.044
23,31727.281
24,31859.606
25,31913.502
26,32043.506
27,32094.804
28,32146.647
29,32212.345
30,32312.299
31,32403.200
32,32463.819
33,32531.308
34,32594.393
35,32629.478
36,32696.805
37,32748.095
38,32774.277
39,32809.486
40,32877.705
41,32905.743
42,32925.335
43,32964.280
44,33013.813
45,33064.162
46,33115.943
47,33151.134
48,33198.903
49,33257.375
50,33279.926
51,33311.237
52,33361.809
53,33387.465
54,33410.962
55,33433.549
56,33474.763
57,33516.298
58,33532.486
59,33555.353
60,33590.669
61,33607.866
62,33637.275
63,33677.685
64,33689.364
65,33706.517
66,33734.101
67,33743.255
68,33762.259
69,33777.314
70,33790.496
71,33798.637
72,33835.693
73,33844.713
74,33855.640
75,33868.185
76,33897.287
77,33916.974
78,33934.304
79,33951.151
80,33973.604
81,33986.511
82,34003.665
83,34014.306
84,34018.433
85,34024.769
86,34054.423
87,34075.320
88,34085.492
89,34097.728
90,34108.386
91,34120.657
92,34128.818
93,34141.014
94,34145.410
95,34163.954
96,34180.123
97,34185.577
98,34199.692
99,34214.785
100,34236.971
