0.0,11181666304.0
1.005000114440918,11435302912.0
2.002000093460083,11705036800.0
3.0,11956158464.0
4.005000114440918,12223492096.0
5.002000093460083,12487122944.0
6.0,12724101120.0
7.004000186920166,12978094080.0
8.004000186920166,13342203904.0
9.002000093460083,13779181568.0
10.0,14219972608.0
11.004000186920166,14609031168.0
12.02400016784668,14968209408.0
13.00600004196167,15192113152.0
14.0,15245512704.0
15.0,15175905280.0
16.0,14992183296.0
17.0,14601228288.0
18.0,14126632960.0
19.0,13625151488.0
20.0,13108404224.0
21.0,12561657856.0
