0.0,12852932608.0
0.9919998645782471,13103022080.0
2.0450000762939453,13369507840.0
2.991999864578247,13613838336.0
4.085000038146973,13872885760.0
4.996999979019165,14105288704.0
6.019000053405762,14324543488.0
6.991999864578247,14542340096.0
8.009000062942505,14773305344.0
8.996999979019165,15064498176.0
9.991999864578247,15173955584.0
10.997999906539917,15368753152.0
11.996999979019165,15601029120.0
12.994999885559082,15805255680.0
13.991999864578247,15845371904.0
14.996000051498413,15776280576.0
15.996999979019165,15684468736.0
16.991999864578247,15497302016.0
17.991999864578247,15101865984.0
18.991999864578247,14643277824.0
19.994999885559082,14134177792.0
20.991999864578247,13643042816.0
21.991999864578247,13101338624.0
