0.0,15743115264.0
0.996999979019165,16021495808.0
1.996999979019165,16233582592.0
2.996999979019165,16423768064.0
3.996999979019165,16690917376.0
5.00600004196167,16891957248.0
6.05400013923645,17146748928.0
7.014000177383423,17416654848.0
7.996999979019165,17624571904.0
8.996999979019165,17869672448.0
9.996999979019165,18088243200.0
10.996999979019165,18280804352.0
11.996999979019165,18508693504.0
12.996999979019165,18724577280.0
14.0,18938396672.0
14.996999979019165,19146371072.0
15.996999979019165,19357954048.0
16.996999979019165,19511586816.0
18.003000020980835,19794104320.0
19.00600004196167,20313563136.0
19.996999979019165,20610560000.0
20.996999979019165,21023072256.0
21.996999979019165,21515526144.0
23.004000186920166,21926682624.0
23.996999979019165,22456221696.0
24.996999979019165,22700650496.0
25.996999979019165,23067955200.0
26.996999979019165,23395717120.0
28.061000108718872,23766151168.0
28.996999979019165,24017002496.0
29.996999979019165,24139239424.0
31.243000030517578,24097988608.0
31.996999979019165,24039051264.0
32.996999979019165,23934414848.0
33.996999979019165,23803326464.0
35.0,23576625152.0
35.996999979019165,23268405248.0
36.996999979019165,22821908480.0
37.996999979019165,22361681920.0
39.0,21968515072.0
40.00600004196167,21462093824.0
41.004000186920166,20952506368.0
42.00200009346008,20433780736.0
42.996999979019165,19944304640.0
44.0,19419271168.0
45.00100016593933,18886766592.0
