0.0,13044396032.0
1.0,13276090368.0
2.0,13566529536.0
3.009000062942505,13776285696.0
4.0,13995061248.0
5.0,14237806592.0
6.0,14507114496.0
7.0,14742806528.0
8.0,14982639616.0
9.017000198364258,15327956992.0
10.005000114440918,15456817152.0
11.005000114440918,15694635008.0
12.014000177383423,16014393344.0
14.20900011062622,16901447680.0
15.0,17179549696.0
16.0,17591869440.0
17.0,18010128384.0
18.005000114440918,18417627136.0
19.061000108718872,18776043520.0
20.0,19097079808.0
21.0,19341688832.0
22.14900016784668,19580870656.0
23.02300000190735,19585462272.0
24.0,19524894720.0
25.0,19407826944.0
26.0,19197374464.0
27.0,18891632640.0
28.0,18515931136.0
29.005000114440918,17984602112.0
30.01800012588501,17514008576.0
31.009000062942505,17019432960.0
32.01100015640259,16492236800.0
33.0,15983476736.0
