0.0,15765409792.0
0.996999979019165,16010027008.0
2.118000030517578,16350613504.0
3.0180001258850098,16496185344.0
3.996999979019165,16729006080.0
4.996999979019165,16954294272.0
6.0290000438690186,17203535872.0
7.004000186920166,17424814080.0
7.996999979019165,17662820352.0
9.002000093460083,17882468352.0
9.996999979019165,18108764160.0
10.996999979019165,18336182272.0
11.996999979019165,18565173248.0
13.108000040054321,18797699072.0
13.996999979019165,18950778880.0
14.996999979019165,19107311616.0
15.996999979019165,19264122880.0
16.996999979019165,19386134528.0
17.996999979019165,19424952320.0
18.996999979019165,19425611776.0
19.996999979019165,19354071040.0
21.002000093460083,19294494720.0
21.996999979019165,19160875008.0
23.08400011062622,18939023360.0
23.996999979019165,18630455296.0
25.003000020980835,18211352576.0
26.01900005340576,17707843584.0
27.01900005340576,17239982080.0
28.00100016593933,16740704256.0
28.996999979019165,16245231616.0
30.003000020980835,15655677952.0
