Percentage served,Time in ms
0,97.433
1,915.291
2,970.202
3,1008.412
4,1038.415
5,1074.209
6,1101.857
7,1128.794
8,1156.660
9,1177.219
10,1197.259
11,1217.762
12,1239.050
13,1264.232
14,1276.924
15,1291.107
16,1307.090
17,1316.102
18,1330.060
19,1342.590
20,1353.017
21,1367.393
22,1380.005
23,1394.014
24,1408.700
25,1421.423
26,1428.747
27,1444.074
28,1456.026
29,1465.625
30,1475.507
31,1490.900
32,1498.150
33,1506.582
34,1513.768
35,1518.912
36,1527.995
37,1537.492
38,1545.769
39,1553.584
40,1563.602
41,1573.431
42,1582.918
43,1594.959
44,1602.582
45,1611.651
46,1617.503
47,1629.365
48,1635.976
49,1645.558
50,1654.086
51,1663.543
52,1673.513
53,1682.836
54,1692.578
55,1701.518
56,1711.730
57,1717.466
58,1732.309
59,1742.190
60,1750.870
61,1760.094
62,1772.857
63,1780.490
64,1786.695
65,1797.714
66,1808.899
67,1820.497
68,1832.467
69,1838.468
70,1849.420
71,1856.280
72,1864.290
73,1874.146
74,1886.198
75,1896.234
76,1906.895
77,1920.427
78,1929.495
79,1945.872
80,1961.800
81,1974.075
82,1988.468
83,2013.634
84,2032.361
85,2042.954
86,2076.780
87,2099.217
88,2120.102
89,2141.388
90,2169.370
91,2189.107
92,2213.676
93,2235.016
94,2276.982
95,2317.273
96,2360.369
97,2407.649
98,2490.042
99,2673.495
100,3207.157
