Percentage served,Time in ms
0,21.429
1,69.500
2,224.154
3,307.100
4,403.726
5,482.024
6,542.711
7,590.404
8,640.657
9,696.646
10,739.410
11,770.841
12,808.721
13,838.171
14,870.336
15,908.988
16,928.401
17,951.475
18,972.693
19,995.279
20,1019.627
21,1040.497
22,1061.931
23,1079.179
24,1097.333
25,1117.766
26,1137.073
27,1152.776
28,1169.274
29,1185.350
30,1199.195
31,1211.466
32,1228.127
33,1244.025
34,1255.589
35,1267.323
36,1290.410
37,1303.979
38,1320.654
39,1339.306
40,1356.296
41,1370.578
42,1387.471
43,1409.090
44,1428.283
45,1440.576
46,1453.859
47,1468.202
48,1480.704
49,1495.386
50,1509.172
51,1527.743
52,1546.567
53,1560.751
54,1576.861
55,1591.787
56,1606.326
57,1620.839
58,1632.281
59,1643.239
60,1654.772
61,1669.693
62,1686.235
63,1698.616
64,1715.119
65,1734.211
66,1755.916
67,1772.910
68,1787.297
69,1800.157
70,1818.335
71,1839.004
72,1858.815
73,1879.739
74,1901.416
75,1920.508
76,1943.033
77,1965.796
78,1987.664
79,2008.069
80,2047.882
81,2073.737
82,2113.489
83,2158.964
84,2208.354
85,2260.603
86,2337.924
87,2437.720
88,2696.217
89,3646.823
90,5064.654
91,5143.655
92,5690.555
93,6226.678
94,7251.707
95,7615.789
96,8487.440
97,10142.213
98,10629.168
99,12586.284
100,20301.080
