Percentage served,Time in ms
0,307.146
1,3866.655
2,4168.247
3,4417.873
4,4607.376
5,4771.884
6,4923.523
7,5043.150
8,5187.091
9,5316.712
10,5403.926
11,5492.902
12,5571.306
13,5660.449
14,5718.858
15,5810.622
16,5863.682
17,5916.909
18,5973.024
19,6017.293
20,6071.822
21,6123.866
22,6169.439
23,6202.933
24,6246.079
25,6291.404
26,6337.260
27,6380.629
28,6421.473
29,6466.829
30,6499.192
31,6540.778
32,6576.500
33,6609.836
34,6649.655
35,6675.086
36,6702.417
37,6742.632
38,6770.680
39,6795.833
40,6823.345
41,6852.545
42,6877.260
43,6915.403
44,6944.996
45,6976.328
46,7003.119
47,7035.855
48,7072.777
49,7114.612
50,7138.975
51,7168.835
52,7194.386
53,7223.540
54,7251.581
55,7280.746
56,7312.226
57,7343.149
58,7374.383
59,7405.245
60,7432.283
61,7461.162
62,7507.382
63,7528.067
64,7566.478
65,7598.683
66,7631.227
67,7660.987
68,7691.014
69,7723.695
70,7759.986
71,7790.054
72,7822.490
73,7859.237
74,7885.167
75,7925.067
76,7957.695
77,7996.388
78,8029.786
79,8075.325
80,8125.361
81,8177.319
82,8228.662
83,8278.974
84,8325.750
85,8358.339
86,8416.923
87,8476.035
88,8528.452
89,8579.962
90,8675.229
91,8754.285
92,8854.703
93,8962.473
94,9105.785
95,9251.521
96,9484.746
97,9974.496
98,11089.187
99,12522.903
100,30671.538
