Percentage served,Time in ms
0,50.091
1,370.045
2,421.516
3,438.265
4,458.219
5,471.613
6,486.825
7,496.887
8,505.854
9,520.975
10,525.051
11,531.359
12,540.407
13,551.289
14,556.227
15,561.870
16,566.707
17,569.469
18,580.327
19,584.267
20,592.309
21,597.514
22,601.210
23,605.447
24,609.988
25,613.535
26,617.143
27,619.066
28,623.569
29,629.476
30,632.345
31,636.101
32,637.914
33,640.986
34,644.230
35,649.465
36,654.679
37,658.452
38,661.949
39,666.872
40,671.667
41,675.469
42,678.195
43,679.803
44,683.805
45,688.775
46,693.311
47,696.434
48,699.918
49,703.003
50,705.363
51,711.374
52,715.600
53,717.265
54,721.049
55,726.394
56,729.708
57,733.847
58,737.098
59,738.103
60,740.812
61,744.549
62,746.656
63,750.585
64,754.552
65,760.194
66,764.947
67,769.933
68,773.497
69,776.481
70,780.186
71,786.477
72,790.604
73,795.620
74,798.964
75,805.531
76,811.493
77,816.805
78,822.912
79,826.213
80,829.924
81,833.700
82,839.966
83,844.262
84,849.996
85,853.141
86,857.795
87,866.367
88,871.492
89,878.222
90,885.245
91,893.890
92,902.842
93,915.210
94,931.881
95,942.029
96,952.238
97,981.747
98,1001.605
99,1075.136
100,1370.340
