Percentage served,Time in ms
0,44.454
1,363.146
2,391.331
3,411.777
4,431.503
5,447.800
6,461.721
7,478.691
8,489.401
9,502.093
10,517.086
11,526.659
12,537.627
13,545.441
14,553.308
15,559.768
16,568.890
17,575.261
18,581.529
19,586.804
20,592.087
21,599.146
22,605.916
23,610.860
24,617.783
25,624.751
26,631.464
27,638.418
28,644.597
29,648.858
30,654.386
31,662.805
32,668.199
33,676.567
34,682.610
35,688.660
36,694.820
37,701.966
38,706.493
39,712.057
40,716.974
41,723.938
42,729.244
43,734.489
44,740.987
45,745.621
46,749.848
47,755.679
48,760.638
49,766.563
50,770.180
51,776.456
52,781.073
53,787.443
54,792.338
55,798.366
56,805.345
57,808.769
58,815.059
59,817.810
60,821.826
61,826.959
62,831.884
63,838.441
64,845.350
65,851.748
66,857.526
67,865.731
68,870.453
69,878.577
70,883.768
71,893.235
72,900.119
73,906.501
74,911.359
75,920.878
76,928.347
77,934.586
78,941.593
79,949.443
80,957.115
81,964.416
82,974.626
83,985.592
84,996.082
85,1005.876
86,1014.707
87,1025.316
88,1034.043
89,1043.962
90,1060.617
91,1077.137
92,1091.113
93,1108.248
94,1129.650
95,1148.054
96,1172.736
97,1215.000
98,1260.581
99,1308.342
100,1521.714
