Percentage served,Time in ms
0,117.425
1,1661.125
2,1838.008
3,1939.709
4,2025.943
5,2087.462
6,2154.287
7,2196.628
8,2265.501
9,2302.867
10,2350.538
11,2387.939
12,2430.792
13,2465.384
14,2499.041
15,2521.397
16,2551.934
17,2582.337
18,2608.011
19,2641.431
20,2669.262
21,2694.371
22,2719.162
23,2743.991
24,2773.447
25,2791.588
26,2808.652
27,2833.025
28,2849.577
29,2873.399
30,2896.341
31,2917.723
32,2934.732
33,2956.250
34,2974.424
35,2992.201
36,3014.120
37,3032.974
38,3047.961
39,3065.003
40,3087.236
41,3100.431
42,3116.002
43,3131.637
44,3152.685
45,3169.017
46,3181.490
47,3201.628
48,3220.563
49,3237.308
50,3253.835
51,3271.731
52,3293.580
53,3308.876
54,3329.862
55,3346.329
56,3369.330
57,3391.877
58,3413.258
59,3432.699
60,3453.811
61,3474.621
62,3499.053
63,3520.623
64,3537.949
65,3557.027
66,3590.078
67,3610.516
68,3631.076
69,3654.559
70,3676.650
71,3695.077
72,3719.164
73,3743.739
74,3769.577
75,3787.519
76,3812.469
77,3842.467
78,3868.381
79,3893.705
80,3919.085
81,3945.926
82,3975.854
83,4004.010
84,4035.439
85,4070.036
86,4104.160
87,4143.191
88,4180.463
89,4218.545
90,4252.478
91,4310.824
92,4371.678
93,4444.566
94,4542.089
95,4639.914
96,4794.991
97,5026.236
98,5505.552
99,7380.928
100,14203.944
