Percentage served,Time in ms
0,165.261
1,884.513
2,980.268
3,1034.818
4,1072.119
5,1091.384
6,1134.184
7,1154.730
8,1182.054
9,1200.170
10,1219.825
11,1235.425
12,1259.005
13,1276.598
14,1287.274
15,1307.608
16,1317.095
17,1330.653
18,1338.968
19,1346.775
20,1352.200
21,1359.106
22,1369.037
23,1383.384
24,1396.802
25,1401.491
26,1414.427
27,1420.748
28,1429.822
29,1436.126
30,1443.630
31,1454.768
32,1459.247
33,1467.371
34,1472.196
35,1485.026
36,1490.534
37,1499.537
38,1506.700
39,1510.742
40,1513.049
41,1521.034
42,1529.470
43,1534.190
44,1540.021
45,1552.230
46,1558.243
47,1562.604
48,1571.029
49,1580.091
50,1585.126
51,1594.038
52,1602.035
53,1606.939
54,1615.318
55,1620.738
56,1625.503
57,1629.899
58,1639.069
59,1645.088
60,1651.940
61,1660.728
62,1667.990
63,1675.464
64,1681.684
65,1688.891
66,1696.558
67,1702.473
68,1711.267
69,1727.439
70,1735.721
71,1743.619
72,1754.733
73,1763.235
74,1770.223
75,1776.046
76,1784.542
77,1790.314
78,1803.811
79,1817.407
80,1825.461
81,1839.311
82,1853.020
83,1859.895
84,1868.672
85,1883.337
86,1889.646
87,1907.732
88,1924.577
89,1936.943
90,1957.327
91,1982.111
92,2019.907
93,2054.878
94,2075.781
95,2098.856
96,2110.260
97,2174.167
98,2217.509
99,2341.973
100,2712.632
