Percentage served,Time in ms
0,255.340
1,2030.183
2,2270.882
3,2358.997
4,2437.092
5,2493.915
6,2549.936
7,2606.807
8,2639.852
9,2681.073
10,2720.515
11,2754.707
12,2796.504
13,2820.987
14,2837.597
15,2862.971
16,2882.426
17,2913.699
18,2944.347
19,2961.588
20,2987.592
21,3010.250
22,3035.466
23,3055.098
24,3071.830
25,3098.325
26,3112.852
27,3128.727
28,3144.997
29,3164.732
30,3175.161
31,3194.942
32,3212.424
33,3227.815
34,3243.902
35,3262.778
36,3276.984
37,3288.896
38,3307.120
39,3323.472
40,3341.993
41,3355.378
42,3374.198
43,3395.326
44,3408.244
45,3423.631
46,3435.255
47,3447.078
48,3460.864
49,3477.536
50,3489.173
51,3510.797
52,3530.009
53,3547.772
54,3558.440
55,3578.861
56,3596.026
57,3604.212
58,3618.666
59,3634.227
60,3653.212
61,3664.893
62,3677.603
63,3700.208
64,3713.953
65,3729.696
66,3751.662
67,3766.136
68,3781.272
69,3803.286
70,3816.942
71,3829.466
72,3839.377
73,3858.008
74,3882.445
75,3909.987
76,3924.780
77,3940.944
78,3954.969
79,3973.295
80,3992.460
81,4020.379
82,4046.293
83,4070.227
84,4099.771
85,4124.830
86,4145.874
87,4165.524
88,4187.019
89,4207.448
90,4248.414
91,4277.353
92,4307.709
93,4344.508
94,4399.760
95,4469.446
96,4575.995
97,4631.530
98,4730.000
99,4882.659
100,6046.346
