Percentage served,Time in ms
0,60.404
1,155.925
2,165.453
3,177.632
4,182.876
5,188.721
6,191.905
7,196.677
8,203.427
9,210.306
10,212.789
11,217.529
12,221.038
13,225.207
14,229.455
15,232.345
16,235.982
17,240.297
18,245.944
19,248.618
20,251.257
21,252.943
22,254.999
23,257.472
24,261.910
25,264.015
26,267.702
27,271.267
28,276.245
29,278.240
30,280.919
31,283.030
32,285.837
33,289.603
34,291.981
35,295.256
36,296.542
37,299.033
38,301.964
39,303.876
40,304.793
41,308.278
42,310.522
43,312.732
44,313.661
45,315.141
46,317.784
47,320.341
48,323.316
49,325.034
50,327.137
51,329.622
52,333.142
53,336.250
54,337.690
55,339.712
56,342.531
57,345.652
58,347.990
59,350.875
60,353.684
61,356.259
62,358.312
63,362.000
64,365.783
65,368.360
66,370.454
67,373.196
68,376.258
69,379.390
70,383.382
71,386.518
72,389.210
73,392.870
74,398.130
75,401.586
76,406.864
77,410.380
78,415.700
79,419.893
80,425.265
81,432.255
82,435.967
83,439.882
84,443.872
85,450.394
86,455.398
87,457.236
88,464.031
89,467.630
90,472.790
91,480.587
92,492.237
93,499.546
94,508.519
95,519.863
96,531.718
97,548.517
98,570.124
99,620.608
100,779.947
