0.0,5073539072.0
3.0,6330482688.0
6.0,5713440768.0
9.0,5805248512.0
12.0,6022717440.0
15.0,5855498240.0
18.0,5854978048.0
21.0,5952483328.0
24.0,5859454976.0
27.0,5869580288.0
30.003000020980835,5934239744.0
33.0,5904601088.0
36.0,5906714624.0
39.0,5913911296.0
42.0,5930070016.0
45.00399994850159,5913407488.0
48.0,5930340352.0
51.0,5921726464.0
54.0,5955735552.0
57.0,5963833344.0
60.0,5894832128.0
63.0,5972819968.0
66.0,6009397248.0
69.0,5886672896.0
72.0,5273550848.0
75.0,5205209088.0
78.0,5163982848.0
81.0,5150072832.0
84.0,5147799552.0
87.0,5130129408.0
