Percentage served,Time in ms
0,260.275
1,6437.926
2,7000.095
3,7681.802
4,7688.556
5,7767.368
6,7942.698
7,7945.233
8,7956.249
9,7957.429
10,7964.413
11,7965.172
12,7968.041
13,7968.397
14,7970.270
15,8097.701
16,8097.969
17,8099.168
18,8106.934
19,8198.265
20,8199.260
21,8201.483
22,8204.934
23,8210.264
24,8311.559
25,8314.663
26,8315.834
27,8316.130
28,8319.798
29,8321.087
30,8331.360
31,8400.813
32,8404.045
33,8408.807
34,8415.659
35,8490.905
36,8494.459
37,8592.320
38,8594.883
39,8597.476
40,8601.102
41,8607.431
42,8683.813
43,8695.659
44,8797.034
45,8800.503
46,8801.287
47,8919.414
48,8921.001
49,8930.262
50,8936.444
51,8937.434
52,8939.205
53,8940.256
54,8940.908
55,8943.798
56,8951.931
57,9203.696
58,9206.923
59,9207.773
60,9214.945
61,9293.809
62,9294.342
63,9300.608
64,9398.212
65,9400.063
66,9404.362
67,9479.220
68,9482.499
69,9488.966
70,9593.761
71,9594.259
72,9603.161
73,9605.726
74,9606.717
75,9710.821
76,9717.106
77,9722.290
78,9723.707
79,9726.560
80,9729.374
81,9733.701
82,9736.304
83,9739.328
84,9741.056
85,9884.305
86,9890.237
87,9991.132
88,9993.637
89,9993.910
90,10001.660
91,10090.073
92,10092.378
93,10100.808
94,10102.532
95,10182.134
96,10286.454
97,10295.858
98,10388.223
99,10389.816
100,10389.816
