Percentage served,Time in ms
0,94.287
1,7875.740
2,8637.385
3,8940.978
4,9839.280
5,10445.512
6,11078.303
7,11125.181
8,11142.396
9,11167.810
10,11703.286
11,11761.447
12,12067.750
13,12163.026
14,12271.909
15,12343.328
16,12356.669
17,12441.317
18,12571.246
19,12729.135
20,12738.500
21,12768.755
22,12858.239
23,12873.635
24,12879.596
25,12894.152
26,13084.904
27,13142.076
28,13187.476
29,13198.426
30,13214.520
31,13226.836
32,13265.051
33,13397.711
34,13415.624
35,13436.398
36,13451.934
37,13465.132
38,13478.072
39,13485.188
40,13583.362
41,13592.180
42,13598.489
43,13609.415
44,13629.248
45,13636.950
46,13651.926
47,13662.320
48,13673.587
49,13680.088
50,13692.453
51,13696.665
52,13709.943
53,13721.582
54,13752.134
55,13762.095
56,13767.763
57,13778.617
58,13786.671
59,13792.694
60,13844.429
61,13851.933
62,13869.121
63,13943.790
64,13956.863
65,13968.673
66,13973.724
67,13979.526
68,14001.842
69,14032.371
70,14040.097
71,14258.316
72,14293.551
73,14305.528
74,14312.896
75,14325.230
76,14443.437
77,14479.472
78,14638.054
79,14664.724
80,14976.476
81,15005.356
82,15169.613
83,15272.506
84,15292.324
85,15353.769
86,15385.450
87,15444.934
88,15450.317
89,15467.969
90,15527.752
91,15541.617
92,15553.321
93,15560.610
94,15624.987
95,15819.741
96,15942.378
97,16123.896
98,16163.808
99,16336.731
100,16546.123
