Percentage served,Time in ms
0,518.045
1,28427.457
2,28888.302
3,29246.052
4,29303.829
5,30145.278
6,30158.233
7,30547.829
8,30731.744
9,30987.729
10,31319.219
11,31501.398
12,31509.061
13,31692.683
14,31767.560
15,31885.960
16,32042.779
17,32046.884
18,32050.690
19,32063.047
20,32067.585
21,32079.954
22,32143.320
23,32146.726
24,32157.461
25,32427.581
26,32440.756
27,32448.880
28,32725.778
29,32736.782
30,32741.616
31,33358.551
32,33370.208
33,33380.143
34,33454.151
35,33458.988
36,33467.576
37,33468.837
38,33473.384
39,33517.386
40,33522.261
41,33794.781
42,33804.785
43,34038.052
44,34042.767
45,34048.778
46,34088.815
47,34125.070
48,34309.319
49,34511.630
50,34599.245
51,34610.475
52,34826.495
53,34900.868
54,35003.658
55,35133.865
56,35140.044
57,35199.368
58,35203.100
59,35215.289
60,35243.138
61,35352.895
62,35361.120
63,35364.923
64,35443.675
65,35450.635
66,35466.228
67,35554.749
68,35556.376
69,35669.908
70,35687.558
71,35689.708
72,35694.658
73,35699.000
74,35705.369
75,35724.828
76,35727.725
77,35740.798
78,35847.384
79,35850.999
80,35853.507
81,35856.630
82,35918.870
83,35928.439
84,35934.208
85,36038.092
86,36040.883
87,36176.108
88,36201.329
89,36304.254
90,36313.507
91,36319.539
92,36397.203
93,36494.918
94,36501.991
95,36507.193
96,36538.036
97,36551.657
98,36657.479
99,36777.789
100,36885.108
