Percentage served,Time in ms
0,330.328
1,66905.146
2,68176.917
3,70487.012
4,72192.281
5,72582.847
6,73850.083
7,73868.043
8,74511.500
9,74605.366
10,74712.480
11,74725.071
12,74800.367
13,74977.588
14,75484.279
15,76183.655
16,76513.033
17,76670.177
18,76691.772
19,78487.833
20,78574.914
21,78806.830
22,78826.994
23,79189.811
24,79203.363
25,79218.199
26,79242.271
27,79588.842
28,80142.088
29,80179.524
30,80195.130
31,80364.688
32,80404.022
33,80419.036
34,80439.156
35,80499.895
36,80540.452
37,80969.799
38,81012.849
39,81287.784
40,81338.821
41,81368.594
42,81391.030
43,81414.030
44,81432.307
45,81781.342
46,81840.367
47,81896.114
48,81926.082
49,81954.825
50,81966.683
51,81982.089
52,81990.903
53,81998.133
54,82009.289
55,82019.767
56,82107.410
57,82250.349
58,82263.750
59,82275.209
60,82308.866
61,82494.179
62,82511.957
63,82523.457
64,82600.782
65,82618.856
66,82763.977
67,82806.283
68,82859.681
69,82903.203
70,82958.037
71,83036.284
72,83112.720
73,83143.438
74,83184.029
75,83219.756
76,83289.028
77,83301.497
78,83321.597
79,83359.012
80,83400.408
81,83430.581
82,83463.784
83,83518.646
84,83587.386
85,83602.164
86,83636.333
87,83672.488
88,83690.885
89,83781.034
90,83793.358
91,83798.925
92,83823.810
93,83890.191
94,83918.470
95,83928.345
96,83968.410
97,83984.014
98,84016.736
99,84094.534
100,84110.154
