Percentage served,Time in ms
0,291.662
1,27479.633
2,30369.099
3,31466.765
4,31942.480
5,32419.955
6,33964.132
7,34360.942
8,34927.553
9,35395.825
10,36154.287
11,37103.648
12,38183.497
13,39368.950
14,39691.204
15,39960.374
16,40221.567
17,40441.904
18,40662.173
19,41192.413
20,41817.952
21,42080.032
22,42564.270
23,42986.602
24,43185.175
25,44267.024
26,44594.456
27,44686.121
28,44972.094
29,45396.409
30,45632.272
31,45967.299
32,46368.927
33,46377.858
34,46599.112
35,46933.357
36,47190.397
37,47580.889
38,47650.379
39,48112.499
40,48355.036
41,48573.058
42,48665.310
43,48775.053
44,48976.336
45,49138.131
46,49156.260
47,49171.198
48,49450.906
49,49472.604
50,49490.133
51,49521.923
52,49543.200
53,49685.574
54,49705.661
55,49756.877
56,50008.741
57,50050.374
58,50072.632
59,50157.350
60,50340.977
61,50359.860
62,50425.855
63,50866.070
64,50884.798
65,50900.279
66,50915.928
67,50924.339
68,50941.141
69,50948.859
70,51094.727
71,51112.969
72,51132.445
73,51140.494
74,51161.826
75,51268.197
76,51285.436
77,51290.276
78,51376.491
79,51398.705
80,51413.286
81,51492.397
82,51505.307
83,51513.116
84,51525.598
85,51546.495
86,51582.816
87,51603.502
88,51647.590
89,51667.900
90,51678.567
91,51688.839
92,51706.711
93,51712.096
94,51724.944
95,51740.469
96,51755.653
97,51855.432
98,51869.079
99,51885.363
100,51929.351
