Percentage served,Time in ms
0,137.202
1,591.277
2,630.539
3,651.807
4,685.478
5,696.102
6,719.254
7,733.544
8,742.902
9,756.535
10,774.771
11,782.549
12,792.133
13,798.902
14,806.792
15,813.797
16,821.711
17,828.666
18,835.895
19,843.697
20,851.291
21,855.867
22,860.938
23,866.684
24,869.954
25,878.108
26,883.659
27,891.564
28,894.229
29,900.286
30,904.739
31,911.691
32,919.583
33,922.312
34,925.505
35,930.682
36,933.999
37,939.162
38,945.883
39,949.655
40,952.561
41,957.105
42,962.947
43,966.401
44,971.502
45,975.381
46,983.061
47,990.825
48,996.559
49,1003.415
50,1006.178
51,1008.659
52,1011.166
53,1015.594
54,1020.630
55,1025.894
56,1030.139
57,1038.597
58,1046.163
59,1049.180
60,1054.373
61,1056.812
62,1060.974
63,1065.640
64,1070.226
65,1076.193
66,1078.576
67,1085.084
68,1093.874
69,1098.331
70,1102.925
71,1109.380
72,1114.314
73,1117.574
74,1121.530
75,1131.158
76,1135.888
77,1145.678
78,1150.373
79,1159.828
80,1165.969
81,1172.757
82,1178.917
83,1187.510
84,1197.238
85,1202.506
86,1224.271
87,1232.394
88,1245.010
89,1254.006
90,1264.366
91,1274.859
92,1285.297
93,1296.192
94,1310.816
95,1331.752
96,1344.996
97,1368.425
98,1384.851
99,1459.696
100,1683.552
