Percentage served,Time in ms
0,334.408
1,1419.396
2,1543.422
3,1622.745
4,1742.154
5,1800.161
6,1832.470
7,1865.001
8,1883.072
9,1899.377
10,1933.529
11,1949.348
12,1963.899
13,1974.090
14,1985.148
15,1994.568
16,2008.874
17,2020.281
18,2026.671
19,2036.820
20,2052.726
21,2061.882
22,2075.054
23,2083.624
24,2096.641
25,2108.821
26,2118.821
27,2124.310
28,2135.188
29,2144.138
30,2151.471
31,2156.641
32,2162.907
33,2170.917
34,2180.634
35,2192.760
36,2202.525
37,2212.044
38,2218.600
39,2233.693
40,2240.439
41,2247.322
42,2256.970
43,2260.808
44,2270.317
45,2280.476
46,2287.754
47,2296.622
48,2306.476
49,2312.431
50,2318.622
51,2326.632
52,2331.487
53,2336.634
54,2343.996
55,2352.343
56,2367.481
57,2374.184
58,2382.844
59,2389.757
60,2395.555
61,2403.711
62,2407.476
63,2414.773
64,2430.434
65,2439.043
66,2444.298
67,2450.190
68,2458.131
69,2468.700
70,2478.446
71,2487.911
72,2497.029
73,2503.430
74,2515.830
75,2530.273
76,2547.149
77,2559.683
78,2569.941
79,2583.589
80,2597.218
81,2603.427
82,2624.309
83,2643.071
84,2650.319
85,2663.846
86,2676.395
87,2689.403
88,2700.595
89,2717.956
90,2746.839
91,2760.248
92,2791.891
93,2822.898
94,2850.775
95,2875.805
96,2897.480
97,2954.838
98,3029.257
99,3107.436
100,3471.743
