Percentage served,Time in ms
0,44.278
1,566.504
2,619.798
3,654.523
4,680.864
5,705.160
6,722.507
7,744.856
8,760.098
9,773.466
10,787.009
11,802.115
12,814.622
13,823.159
14,831.984
15,841.229
16,850.912
17,861.398
18,872.803
19,883.217
20,890.594
21,899.453
22,908.277
23,916.720
24,927.492
25,937.003
26,945.687
27,954.122
28,959.406
29,969.701
30,978.813
31,985.251
32,990.259
33,998.469
34,1002.243
35,1011.491
36,1018.629
37,1026.237
38,1033.958
39,1040.330
40,1044.894
41,1050.253
42,1056.780
43,1061.661
44,1071.487
45,1080.099
46,1091.768
47,1099.232
48,1103.958
49,1112.386
50,1117.857
51,1123.791
52,1129.528
53,1137.862
54,1146.466
55,1156.281
56,1165.190
57,1171.903
58,1176.771
59,1185.120
60,1191.244
61,1198.225
62,1207.393
63,1218.321
64,1226.025
65,1230.830
66,1239.227
67,1250.740
68,1260.253
69,1265.559
70,1275.120
71,1290.722
72,1301.918
73,1310.871
74,1323.243
75,1329.661
76,1332.002
77,1337.061
78,1345.335
79,1355.604
80,1365.451
81,1377.890
82,1396.321
83,1404.501
84,1414.837
85,1433.673
86,1445.272
87,1458.815
88,1473.190
89,1486.324
90,1506.477
91,1518.069
92,1540.437
93,1559.173
94,1599.324
95,1623.179
96,1667.255
97,1719.274
98,1802.804
99,1906.279
100,2342.643
