Percentage served,Time in ms
0,107.950
1,1233.061
2,1344.922
3,1412.680
4,1503.093
5,1562.700
6,1608.055
7,1662.245
8,1699.923
9,1728.469
10,1753.827
11,1788.703
12,1812.709
13,1832.170
14,1855.685
15,1877.903
16,1898.547
17,1917.937
18,1936.668
19,1952.401
20,1968.067
21,1984.329
22,1993.280
23,2005.536
24,2023.008
25,2033.407
26,2042.397
27,2051.102
28,2065.339
29,2081.922
30,2097.625
31,2103.787
32,2117.076
33,2125.082
34,2137.772
35,2149.593
36,2167.240
37,2179.259
38,2186.535
39,2202.778
40,2215.948
41,2227.833
42,2241.333
43,2250.772
44,2261.833
45,2269.925
46,2282.518
47,2294.920
48,2307.557
49,2317.413
50,2324.075
51,2337.601
52,2348.349
53,2358.450
54,2368.093
55,2376.974
56,2389.408
57,2400.347
58,2412.540
59,2421.059
60,2430.202
61,2442.915
62,2452.826
63,2464.983
64,2475.872
65,2488.154
66,2495.673
67,2510.814
68,2524.552
69,2542.248
70,2553.050
71,2563.862
72,2575.697
73,2586.490
74,2596.903
75,2613.113
76,2628.846
77,2649.077
78,2661.301
79,2676.463
80,2690.214
81,2712.203
82,2731.548
83,2744.073
84,2761.058
85,2777.781
86,2798.821
87,2819.056
88,2843.321
89,2863.589
90,2892.408
91,2907.534
92,2935.613
93,2981.304
94,3018.212
95,3074.231
96,3123.819
97,3197.832
98,3296.757
99,3428.647
100,4009.307
