Percentage served,Time in ms
0,221.850
1,2789.407
2,2960.363
3,3080.521
4,3199.511
5,3296.878
6,3381.439
7,3450.253
8,3499.243
9,3560.614
10,3614.549
11,3668.161
12,3728.052
13,3769.949
14,3800.014
15,3837.054
16,3885.181
17,3923.383
18,3969.074
19,3998.048
20,4042.265
21,4074.224
22,4107.525
23,4132.837
24,4164.108
25,4199.484
26,4231.081
27,4259.436
28,4283.797
29,4301.523
30,4326.587
31,4353.628
32,4378.506
33,4406.042
34,4434.197
35,4456.228
36,4482.765
37,4497.694
38,4520.455
39,4545.881
40,4565.080
41,4590.875
42,4609.998
43,4631.390
44,4654.849
45,4676.181
46,4702.670
47,4722.561
48,4747.926
49,4767.984
50,4795.937
51,4813.858
52,4831.973
53,4854.979
54,4876.008
55,4895.784
56,4915.569
57,4942.347
58,4960.417
59,4981.020
60,5009.662
61,5028.396
62,5044.275
63,5063.123
64,5078.733
65,5106.069
66,5129.084
67,5151.332
68,5181.791
69,5199.050
70,5220.965
71,5250.004
72,5271.422
73,5297.153
74,5329.846
75,5358.461
76,5381.793
77,5410.364
78,5428.354
79,5459.902
80,5487.216
81,5515.538
82,5541.264
83,5566.452
84,5599.391
85,5628.318
86,5661.328
87,5699.962
88,5741.248
89,5777.016
90,5816.838
91,5863.798
92,5908.159
93,5982.294
94,6045.290
95,6109.850
96,6212.569
97,6314.324
98,6493.211
99,6765.531
100,8007.747
