Percentage served,Time in ms
0,367.514
1,6067.740
2,6468.799
3,6876.795
4,7078.163
5,7283.458
6,7426.318
7,7556.143
8,7676.152
9,7784.629
10,7881.461
11,7973.629
12,8050.242
13,8125.225
14,8203.192
15,8281.026
16,8339.301
17,8416.479
18,8503.987
19,8572.981
20,8635.662
21,8689.180
22,8759.044
23,8822.282
24,8872.855
25,8923.475
26,8984.329
27,9025.529
28,9063.092
29,9115.724
30,9154.499
31,9190.636
32,9241.479
33,9275.816
34,9311.144
35,9352.223
36,9384.146
37,9423.730
38,9464.672
39,9515.555
40,9568.752
41,9606.121
42,9640.286
43,9677.171
44,9716.575
45,9749.997
46,9785.968
47,9825.864
48,9864.558
49,9899.564
50,9963.217
51,10000.859
52,10034.669
53,10070.720
54,10103.479
55,10143.903
56,10178.695
57,10214.061
58,10260.956
59,10289.879
60,10332.304
61,10373.398
62,10414.986
63,10458.879
64,10501.808
65,10548.446
66,10587.256
67,10629.634
68,10674.186
69,10729.886
70,10773.648
71,10810.759
72,10865.098
73,10915.981
74,10960.310
75,11001.113
76,11057.326
77,11113.221
78,11161.568
79,11206.966
80,11253.420
81,11319.166
82,11383.688
83,11439.561
84,11490.841
85,11578.957
86,11652.241
87,11717.223
88,11801.548
89,11884.635
90,11988.172
91,12066.597
92,12160.324
93,12270.492
94,12457.756
95,12621.231
96,12759.540
97,12929.206
98,13116.724
99,13307.633
100,15108.289
