Percentage served,Time in ms
0,212.639
1,259.632
2,272.650
3,285.213
4,301.060
5,314.191
6,322.501
7,331.689
8,338.841
9,345.394
10,355.234
11,359.836
12,364.522
13,368.588
14,371.181
15,376.968
16,381.160
17,385.747
18,389.298
19,393.020
20,397.244
21,399.782
22,402.225
23,405.403
24,408.758
25,411.489
26,414.571
27,419.240
28,422.364
29,424.573
30,426.498
31,430.246
32,432.623
33,435.629
34,439.902
35,442.732
36,447.987
37,453.655
38,456.561
39,459.983
40,461.769
41,466.998
42,470.942
43,475.312
44,478.034
45,480.912
46,482.225
47,483.871
48,485.627
49,487.167
50,492.721
51,496.829
52,499.340
53,503.366
54,506.067
55,510.122
56,514.961
57,516.741
58,519.115
59,523.320
60,526.223
61,530.631
62,534.475
63,539.614
64,542.683
65,547.967
66,551.944
67,555.542
68,558.321
69,563.151
70,568.197
71,571.875
72,574.719
73,582.458
74,588.399
75,593.861
76,597.719
77,602.598
78,606.824
79,617.534
80,624.145
81,630.872
82,641.369
83,652.314
84,664.061
85,671.466
86,680.060
87,687.114
88,699.693
89,730.408
90,742.271
91,758.180
92,787.881
93,801.569
94,829.725
95,841.711
96,860.154
97,876.427
98,934.621
99,989.317
100,1070.861
