Percentage served,Time in ms
0,79.456
1,1078.476
2,1230.872
3,1344.226
4,1392.077
5,1462.771
6,1496.232
7,1529.326
8,1565.663
9,1602.055
10,1620.376
11,1652.230
12,1674.761
13,1698.236
14,1718.267
15,1747.470
16,1771.998
17,1797.662
18,1814.735
19,1839.331
20,1860.684
21,1881.913
22,1902.926
23,1921.994
24,1942.413
25,1962.882
26,1984.718
27,1997.511
28,2016.095
29,2031.317
30,2050.873
31,2064.721
32,2075.201
33,2084.557
34,2098.191
35,2114.798
36,2131.788
37,2147.321
38,2161.861
39,2175.455
40,2190.750
41,2200.072
42,2212.416
43,2228.721
44,2241.580
45,2259.606
46,2276.853
47,2287.151
48,2304.612
49,2311.871
50,2321.740
51,2332.245
52,2346.164
53,2362.070
54,2380.177
55,2389.881
56,2403.197
57,2416.983
58,2425.271
59,2439.274
60,2453.886
61,2467.667
62,2491.327
63,2505.108
64,2523.035
65,2532.965
66,2551.303
67,2561.880
68,2584.009
69,2593.677
70,2611.390
71,2623.936
72,2637.675
73,2657.020
74,2676.860
75,2698.115
76,2710.533
77,2734.054
78,2757.175
79,2776.810
80,2795.194
81,2812.951
82,2833.990
83,2858.582
84,2883.613
85,2905.303
86,2933.761
87,2969.932
88,2989.702
89,3019.384
90,3057.497
91,3086.785
92,3132.949
93,3188.678
94,3251.208
95,3290.661
96,3374.513
97,3469.864
98,3571.085
99,3755.791
100,4570.717
