Percentage served,Time in ms
0,390.374
1,2893.831
2,3047.788
3,3210.536
4,3363.106
5,3455.600
6,3553.524
7,3660.016
8,3706.312
9,3778.227
10,3825.551
11,3882.220
12,3918.508
13,3974.815
14,3994.581
15,4024.137
16,4059.257
17,4085.626
18,4111.657
19,4135.566
20,4163.291
21,4188.829
22,4225.794
23,4253.371
24,4277.652
25,4307.208
26,4332.984
27,4361.478
28,4399.065
29,4426.357
30,4447.146
31,4468.940
32,4488.167
33,4502.229
34,4532.545
35,4549.020
36,4567.234
37,4587.802
38,4607.772
39,4632.608
40,4651.052
41,4667.570
42,4684.356
43,4698.127
44,4722.411
45,4746.397
46,4761.508
47,4788.286
48,4815.122
49,4833.772
50,4848.859
51,4866.878
52,4888.766
53,4912.250
54,4927.158
55,4949.568
56,4965.576
57,4983.432
58,4998.814
59,5016.436
60,5036.343
61,5060.601
62,5087.294
63,5104.520
64,5121.859
65,5140.516
66,5157.998
67,5178.944
68,5197.434
69,5215.935
70,5238.007
71,5263.630
72,5282.655
73,5302.969
74,5321.389
75,5340.926
76,5358.765
77,5379.221
78,5401.681
79,5420.931
80,5443.915
81,5457.827
82,5494.227
83,5514.475
84,5536.747
85,5561.398
86,5598.674
87,5629.750
88,5646.397
89,5678.637
90,5721.379
91,5768.678
92,5801.178
93,5841.768
94,5884.267
95,5955.968
96,6026.576
97,6113.500
98,6211.840
99,6443.477
100,7438.944
