0.0,7424270336.0
2.997999906539917,8544731136.0
5.997999906539917,9529741312.0
8.997999906539917,9175445504.0
12.001999855041504,8803110912.0
14.997999906539917,9197895680.0
18.000999927520752,9344999424.0
20.997999906539917,9154400256.0
23.997999906539917,9019154432.0
26.997999906539917,9246961664.0
29.997999906539917,9284071424.0
32.99799990653992,9113550848.0
35.99799990653992,9205243904.0
38.99799990653992,9298423808.0
41.99799990653992,9275473920.0
44.99799990653992,9131778048.0
47.99799990653992,9271042048.0
50.99799990653992,9381183488.0
54.0,9230417920.0
56.99799990653992,9153540096.0
59.99799990653992,9289953280.0
62.99799990653992,9359679488.0
65.99799990653992,9191825408.0
68.99799990653992,9227042816.0
72.0,9340940288.0
74.99799990653992,9355300864.0
77.99799990653992,9232089088.0
81.00300002098083,9248882688.0
84.00699996948242,9375408128.0
86.99799990653992,9290264576.0
89.99799990653992,9270300672.0
92.99799990653992,9306472448.0
95.99799990653992,9260376064.0
98.99799990653992,8992346112.0
