Percentage served,Time in ms
0,341.311
1,26872.603
2,31053.884
3,32953.759
4,34326.073
5,35653.867
6,36514.669
7,37174.976
8,37810.880
9,38429.922
10,38974.748
11,39318.582
12,39730.165
13,40103.749
14,40619.467
15,41145.630
16,41442.713
17,41780.458
18,42218.206
19,42525.408
20,42765.017
21,43008.137
22,43265.322
23,43513.668
24,43819.670
25,44026.654
26,44339.264
27,44621.686
28,44870.344
29,45189.860
30,45461.801
31,45721.554
32,46018.827
33,46295.845
34,46563.414
35,46863.951
36,47121.234
37,47402.880
38,47615.004
39,47901.525
40,48127.148
41,48408.619
42,48609.264
43,48848.431
44,49107.066
45,49391.505
46,49671.393
47,49911.429
48,50164.843
49,50381.810
50,50685.827
51,50978.061
52,51272.648
53,51520.452
54,51776.541
55,52006.559
56,52265.926
57,52487.586
58,52796.782
59,53120.788
60,53307.918
61,53577.582
62,53949.244
63,54275.019
64,54532.882
65,54797.450
66,55051.042
67,55323.495
68,55592.387
69,55902.092
70,56229.432
71,56494.862
72,56838.682
73,57111.607
74,57453.411
75,57730.480
76,58034.396
77,58377.229
78,58694.107
79,58936.535
80,59222.981
81,59498.633
82,59748.364
83,60065.949
84,60497.007
85,60870.162
86,61129.239
87,61398.751
88,61723.370
89,62211.020
90,62702.823
91,63410.278
92,63793.087
93,64234.843
94,64601.340
95,65330.089
96,66368.120
97,67372.831
98,68645.616
99,71091.949
100,84514.117
