Percentage served,Time in ms
0,262.058
1,13984.468
2,14906.183
3,15516.359
4,16101.907
5,16501.563
6,17086.383
7,17452.434
8,17703.092
9,17977.303
10,18302.371
11,18511.972
12,18844.884
13,19120.295
14,19395.999
15,19571.118
16,19790.818
17,19937.470
18,20165.634
19,20295.324
20,20518.377
21,20670.152
22,20827.927
23,20921.946
24,21077.979
25,21250.080
26,21371.797
27,21457.013
28,21654.472
29,21785.384
30,21932.865
31,22100.492
32,22247.156
33,22379.716
34,22546.016
35,22646.196
36,22753.621
37,22932.441
38,23066.998
39,23201.695
40,23324.384
41,23485.489
42,23591.066
43,23751.640
44,23871.358
45,23996.152
46,24146.066
47,24280.513
48,24396.603
49,24491.754
50,24631.993
51,24783.821
52,24882.941
53,25009.006
54,25140.761
55,25308.180
56,25483.434
57,25581.623
58,25740.647
59,25875.413
60,26013.051
61,26139.822
62,26296.399
63,26440.688
64,26600.314
65,26769.318
66,26929.067
67,27069.736
68,27225.171
69,27377.789
70,27544.810
71,27680.643
72,27849.188
73,28032.204
74,28180.120
75,28334.010
76,28531.161
77,28712.490
78,28890.417
79,29101.541
80,29276.660
81,29504.761
82,29729.892
83,30011.650
84,30275.100
85,30541.708
86,30799.954
87,31028.488
88,31348.531
89,31616.077
90,31900.274
91,32236.639
92,32566.081
93,32887.935
94,33328.548
95,33882.597
96,34514.289
97,35310.392
98,36222.549
99,37949.835
100,44018.183
