Percentage served,Time in ms
0,140.326
1,4975.537
2,5226.562
3,5431.515
4,5575.585
5,5668.506
6,5748.243
7,5799.741
8,5909.696
9,5990.228
10,6022.666
11,6085.104
12,6129.568
13,6183.509
14,6231.588
15,6308.596
16,6324.947
17,6381.332
18,6437.148
19,6481.585
20,6492.233
21,6507.265
22,6568.351
23,6587.858
24,6604.134
25,6667.061
26,6687.435
27,6712.157
28,6770.625
29,6806.878
30,6847.306
31,6886.818
32,6928.735
33,6994.589
34,7017.174
35,7053.488
36,7106.138
37,7178.592
38,7206.946
39,7221.326
40,7246.279
41,7293.343
42,7332.727
43,7398.892
44,7430.065
45,7470.946
46,7495.213
47,7524.876
48,7579.651
49,7605.131
50,7665.423
51,7720.397
52,7757.977
53,7799.549
54,7838.477
55,7891.052
56,7932.984
57,7983.501
58,8012.947
59,8053.651
60,8107.267
61,8138.729
62,8192.476
63,8242.937
64,8299.461
65,8319.775
66,8382.954
67,8449.610
68,8504.671
69,8573.146
70,8620.650
71,8660.956
72,8720.566
73,8789.371
74,8829.067
75,8907.595
76,8989.427
77,9072.618
78,9112.812
79,9197.408
80,9267.144
81,9333.821
82,9436.063
83,9565.628
84,9649.019
85,9797.893
86,9983.868
87,10105.180
88,10159.661
89,10312.458
90,10440.765
91,10614.452
92,10806.964
93,10984.287
94,11179.088
95,11461.864
96,11624.233
97,11854.528
98,12084.100
99,12438.046
100,14387.838
