Percentage served,Time in ms
0,78.131
1,2971.921
2,3222.173
3,3358.319
4,3491.159
5,3657.670
6,3762.161
7,3896.685
8,3994.300
9,4103.202
10,4217.842
11,4305.635
12,4400.662
13,4502.713
14,4565.376
15,4607.031
16,4654.829
17,4700.960
18,4729.187
19,4806.522
20,4840.182
21,4904.378
22,4945.028
23,5026.939
24,5080.000
25,5125.660
26,5191.202
27,5223.052
28,5293.928
29,5355.183
30,5389.162
31,5430.507
32,5458.830
33,5502.375
34,5517.777
35,5586.477
36,5610.778
37,5646.749
38,5705.343
39,5730.421
40,5784.445
41,5810.163
42,5867.959
43,5915.608
44,5966.875
45,6019.650
46,6069.909
47,6107.127
48,6171.743
49,6217.052
50,6264.281
51,6299.615
52,6333.273
53,6386.400
54,6426.608
55,6481.169
56,6513.695
57,6596.931
58,6625.405
59,6670.325
60,6757.675
61,6819.778
62,6882.677
63,6910.170
64,6972.234
65,7031.533
66,7098.311
67,7186.714
68,7227.514
69,7285.330
70,7335.732
71,7394.648
72,7488.104
73,7554.787
74,7602.922
75,7685.091
76,7749.660
77,7815.238
78,7874.000
79,8011.116
80,8103.932
81,8217.985
82,8304.522
83,8408.224
84,8514.376
85,8640.176
86,8711.983
87,8815.912
88,8932.726
89,9052.240
90,9184.817
91,9371.546
92,9598.431
93,9902.436
94,10306.053
95,10669.789
96,11064.279
97,11384.133
98,11883.708
99,12908.662
100,16624.542
