Percentage served,Time in ms
0,62.248
1,1667.332
2,1827.803
3,1967.949
4,2020.239
5,2106.901
6,2181.606
7,2214.427
8,2252.572
9,2285.268
10,2323.956
11,2349.073
12,2376.029
13,2399.261
14,2428.289
15,2454.449
16,2493.261
17,2498.156
18,2536.903
19,2561.706
20,2597.401
21,2611.127
22,2617.481
23,2683.260
24,2707.445
25,2731.075
26,2770.862
27,2795.324
28,2827.799
29,2869.767
30,2890.016
31,2912.930
32,2941.745
33,2967.719
34,2983.008
35,3001.693
36,3017.619
37,3056.301
38,3078.416
39,3097.791
40,3118.044
41,3182.954
42,3199.124
43,3222.017
44,3247.233
45,3290.286
46,3302.043
47,3317.446
48,3357.246
49,3389.709
50,3415.095
51,3424.162
52,3441.909
53,3493.460
54,3504.132
55,3516.998
56,3574.288
57,3596.725
58,3616.128
59,3670.750
60,3702.468
61,3715.986
62,3774.808
63,3795.192
64,3821.440
65,3889.197
66,3917.810
67,3979.557
68,4004.906
69,4052.977
70,4093.569
71,4118.797
72,4162.139
73,4202.095
74,4250.854
75,4293.221
76,4389.680
77,4423.579
78,4480.419
79,4491.787
80,4550.159
81,4584.686
82,4610.074
83,4647.282
84,4702.051
85,4735.600
86,4826.610
87,4896.963
88,4996.438
89,5015.908
90,5080.968
91,5133.155
92,5304.803
93,5397.999
94,5479.615
95,5532.395
96,5691.527
97,5815.142
98,5989.172
99,6516.264
100,7687.868
