Percentage served,Time in ms
0,486.589
1,10548.474
2,11295.546
3,11659.332
4,11935.681
5,12091.528
6,12165.678
7,12324.503
8,12425.630
9,12487.891
10,12524.224
11,12611.972
12,12706.675
13,12782.743
14,12842.577
15,12880.948
16,12932.442
17,12997.184
18,13126.222
19,13175.084
20,13208.149
21,13292.138
22,13353.323
23,13402.360
24,13452.456
25,13507.058
26,13556.496
27,13613.717
28,13689.034
29,13780.092
30,13835.287
31,13893.620
32,13938.139
33,13985.960
34,14018.322
35,14078.206
36,14115.634
37,14148.863
38,14188.643
39,14226.701
40,14262.623
41,14286.900
42,14318.194
43,14353.429
44,14419.606
45,14471.317
46,14530.558
47,14591.344
48,14602.793
49,14633.653
50,14671.380
51,14711.964
52,14763.273
53,14791.738
54,14799.808
55,14856.941
56,14903.600
57,14918.632
58,14999.034
59,15072.856
60,15146.968
61,15178.288
62,15268.951
63,15307.936
64,15346.895
65,15377.214
66,15400.651
67,15464.378
68,15502.977
69,15565.017
70,15680.229
71,15716.523
72,15773.427
73,15855.038
74,15922.219
75,15975.837
76,16076.821
77,16182.943
78,16236.821
79,16268.885
80,16307.376
81,16391.767
82,16431.334
83,16543.984
84,16617.741
85,16692.662
86,16731.175
87,16888.418
88,16983.816
89,17042.911
90,17171.424
91,17329.645
92,17439.054
93,17602.277
94,17716.723
95,17816.827
96,18038.451
97,18188.088
98,18761.195
99,19328.025
100,19900.489
