Percentage served,Time in ms
0,142.155
1,5509.357
2,6386.984
3,6735.763
4,7133.868
5,7449.898
6,7698.819
7,7876.934
8,8070.691
9,8260.741
10,8479.576
11,8636.591
12,8780.961
13,8903.554
14,9049.875
15,9159.971
16,9284.770
17,9386.720
18,9529.846
19,9648.430
20,9775.629
21,9883.347
22,9985.651
23,10105.655
24,10197.052
25,10327.059
26,10413.070
27,10543.970
28,10594.652
29,10685.497
30,10794.763
31,10878.492
32,10968.941
33,11034.888
34,11112.307
35,11203.712
36,11322.063
37,11415.871
38,11495.125
39,11580.588
40,11679.437
41,11744.661
42,11794.190
43,11873.151
44,11976.900
45,12098.949
46,12205.490
47,12298.371
48,12406.021
49,12500.983
50,12584.891
51,12655.326
52,12756.696
53,12815.715
54,12877.962
55,12980.695
56,13080.971
57,13188.650
58,13302.292
59,13405.665
60,13497.622
61,13590.347
62,13672.388
63,13784.540
64,13912.580
65,14049.972
66,14174.945
67,14320.379
68,14422.483
69,14516.655
70,14654.750
71,14778.598
72,14920.674
73,15017.924
74,15132.882
75,15279.886
76,15425.370
77,15626.704
78,15796.258
79,15980.117
80,16133.183
81,16361.186
82,16516.372
83,16715.000
84,17000.696
85,17196.902
86,17402.545
87,17658.338
88,17841.099
89,17996.681
90,18227.930
91,18494.413
92,18764.605
93,19060.375
94,19386.599
95,19952.851
96,20548.305
97,21082.696
98,22015.617
99,23294.002
100,27995.021
