Percentage served,Time in ms
0,143.345
1,15810.409
2,17683.658
3,18452.648
4,18724.412
5,19169.812
6,19390.020
7,19663.903
8,19929.205
9,20154.434
10,20292.230
11,20448.097
12,20591.678
13,20785.948
14,20885.767
15,21008.687
16,21103.866
17,21216.061
18,21301.113
19,21440.141
20,21542.156
21,21620.293
22,21765.457
23,21832.378
24,21987.594
25,22023.384
26,22103.683
27,22205.782
28,22324.894
29,22416.842
30,22519.081
31,22595.353
32,22686.963
33,22764.934
34,22832.995
35,22937.600
36,23036.325
37,23163.805
38,23243.932
39,23326.317
40,23392.206
41,23490.157
42,23579.407
43,23639.118
44,23745.635
45,23828.335
46,23923.458
47,24027.569
48,24089.049
49,24146.820
50,24223.380
51,24310.864
52,24396.650
53,24464.146
54,24498.835
55,24601.404
56,24685.516
57,24764.010
58,24852.361
59,24928.445
60,24993.694
61,25111.889
62,25187.895
63,25248.797
64,25356.802
65,25454.446
66,25557.920
67,25634.072
68,25748.402
69,25866.809
70,25965.192
71,26087.105
72,26159.418
73,26260.197
74,26331.795
75,26398.638
76,26514.717
77,26642.123
78,26769.002
79,26903.602
80,26986.307
81,27096.381
82,27200.582
83,27319.865
84,27484.838
85,27618.450
86,27738.012
87,27891.817
88,28053.588
89,28246.510
90,28458.866
91,28657.403
92,28935.068
93,29233.434
94,29538.601
95,30013.773
96,30476.199
97,31089.796
98,31893.922
99,33014.089
100,39830.813
