Percentage served,Time in ms
0,189.650
1,7590.590
2,7990.052
3,8364.806
4,8517.528
5,8718.651
6,8943.881
7,9082.094
8,9214.508
9,9364.551
10,9541.517
11,9665.056
12,9823.965
13,9890.663
14,10052.126
15,10156.658
16,10285.417
17,10403.246
18,10501.284
19,10561.727
20,10627.918
21,10743.535
22,10854.885
23,10917.691
24,10979.102
25,11036.624
26,11107.099
27,11168.480
28,11202.602
29,11267.828
30,11372.896
31,11441.072
32,11511.961
33,11571.991
34,11652.947
35,11733.457
36,11796.297
37,11831.131
38,11901.216
39,11983.245
40,12076.939
41,12110.319
42,12168.760
43,12212.092
44,12273.840
45,12371.075
46,12426.417
47,12525.299
48,12568.890
49,12621.693
50,12674.789
51,12702.409
52,12786.939
53,12840.004
54,12938.093
55,12995.927
56,13095.188
57,13156.728
58,13292.812
59,13364.280
60,13462.922
61,13530.008
62,13600.335
63,13687.177
64,13813.114
65,13905.185
66,14004.964
67,14132.307
68,14222.038
69,14295.020
70,14397.857
71,14477.235
72,14544.115
73,14630.036
74,14756.466
75,14895.898
76,15022.583
77,15127.380
78,15231.865
79,15346.650
80,15460.659
81,15594.251
82,15767.386
83,15970.644
84,16212.459
85,16368.905
86,16596.407
87,16864.647
88,17093.677
89,17426.268
90,17730.597
91,18099.929
92,18325.056
93,18715.125
94,19173.983
95,19634.561
96,20725.484
97,21704.642
98,23479.301
99,24518.282
100,28939.245
