0.0,5247270912.0
3.0,5334654976.0
6.0,5439172608.0
9.0,5596307456.0
12.0,5748523008.0
15.0,5616701440.0
18.0,5563371520.0
21.0,5612920832.0
24.0,5717213184.0
27.0,5809385472.0
30.0,5734293504.0
33.0,5675520000.0
36.0,5679120384.0
39.0,5785305088.0
42.0,5830717440.0
45.0,5716791296.0
48.0,5671370752.0
51.0,5714792448.0
54.0,5782589440.0
57.0,5802422272.0
60.0,5761449984.0
63.0,5686673408.0
66.0,5715329024.0
69.0,5778653184.0
72.0,5795762176.0
75.0,5769564160.0
78.0,5707546624.0
81.0,5729599488.0
84.0,5777076224.0
87.0,5804085248.0
90.0,5786501120.0
93.0,5740204032.0
96.0,5765062656.0
99.0,5810520064.0
102.0,5824323584.0
105.0,5812785152.0
108.0,5764157440.0
111.0,5751615488.0
114.0,5782638592.0
117.0,5812285440.0
120.0,5778649088.0
123.0,5763182592.0
126.0,5801971712.0
129.0,5751447552.0
132.0,5782728704.0
135.0,5715992576.0
138.0,5691330560.0
141.0,5721550848.0
144.0,5751406592.0
147.0,5730660352.0
150.0,5555138560.0
