0.0,6130040832.0
3.0,6271881216.0
6.0,6378172416.0
9.0,6533357568.0
12.0,6627643392.0
15.0,6716424192.0
18.0,6755450880.0
21.0,6655447040.0
24.0,6547914752.0
27.0,6500061184.0
30.0,6496915456.0
33.0,6535778304.0
36.0,6561177600.0
39.0,6626586624.0
42.0,6707687424.0
45.0,6697906176.0
48.0,6672293888.0
51.0,6609932288.0
54.0,6578151424.0
57.0,6537469952.0
60.0,6568714240.0
63.0,6627680256.0
66.0,6643830784.0
69.0,6665674752.0
72.0,6676697088.0
75.0,6647009280.0
78.0,6599593984.0
81.0,6572539904.0
84.0,6602506240.0
87.0,6623670272.0
90.0,6661275648.0
93.0,6712000512.0
96.0,6664536064.0
99.0,6652489728.0
102.0,6643146752.0
105.0,6600585216.0
108.0,6596751360.0
111.0,6582181888.0
114.0,6596829184.0
117.0,6624665600.0
120.0,6651072512.0
123.0,6671691776.0
126.0,6629953536.0
129.0,6632185856.0
132.0,6656348160.0
135.0,6607552512.0
138.0,6614249472.0
141.0,6649606144.0
144.0,6670606336.0
147.00500011444092,6654738432.0
150.0,6644473856.0
153.0,6633390080.0
156.0,6639661056.0
159.0,6642794496.0
162.0,6665113600.0
165.0,6644621312.0
168.0,6651748352.0
171.0,6652768256.0
174.0,6669066240.0
177.0,6637158400.0
180.0,6644027392.0
183.0,6631206912.0
186.0,6642737152.0
189.0,6646661120.0
192.0,6643843072.0
195.0,6670180352.0
198.0,6649593856.0
201.0,6648737792.0
204.0,6619299840.0
207.0,6603808768.0
210.0,6607114240.0
213.0,6613975040.0
216.0,6619660288.0
219.0,6651215872.0
222.0,6631833600.0
225.0,6615425024.0
228.0,6619684864.0
231.0,6592786432.0
234.0,6604042240.0
237.0,6611886080.0
240.0,6612828160.0
243.0,6613368832.0
246.0,6589689856.0
249.0,6558412800.0
252.0,6445879296.0
