0.0,6260961280.0
3.0,6340755456.0
6.0,6467309568.0
9.0,6546903040.0
12.0,6635274240.0
15.0,6805536768.0
18.0,6914166784.0
21.0,7063937024.0
24.0,7181611008.0
27.0,7294087168.0
30.0,7409135616.0
33.0,7563640832.0
36.0,7717093376.0
39.0,7741554688.0
42.0,7825612800.0
45.0,7873404928.0
48.0,7964069888.0
51.0,8015695872.0
54.0,7965196288.0
57.0,7885803520.0
60.0,7580430336.0
63.0,7342059520.0
66.0,7249383424.0
69.0,7321681920.0
72.0,7384735744.0
75.0,7459975168.0
78.0,7593598976.0
81.0,7677808640.0
84.0,7758929920.0
87.0,7876722688.0
90.0,7922757632.0
93.0,7905320960.0
96.0,7876386816.0
99.0,7777849344.0
102.0,7626309632.0
105.0,7546142720.0
108.0,7474036736.0
111.0,7435227136.0
114.0,7443906560.0
117.0,7484952576.0
120.0,7537827840.0
123.0,7627366400.0
126.0,7685816320.0
129.0,7747739648.0
132.0,7792545792.0
135.0,7834980352.0
138.0,7831588864.0
141.0,7823593472.0
144.0,7780839424.0
147.0,7713222656.0
150.0,7659364352.0
153.0,7574917120.0
156.0,7549620224.0
159.0,7565639680.0
162.0,7590686720.0
165.0,7583485952.0
168.0,7600676864.0
171.0,7662583808.0
174.0,7719088128.0
177.0,7732834304.0
180.0,7791620096.0
183.0,7820849152.0
186.0,7840346112.0
189.0,7857963008.0
192.0,7835709440.0
195.0,7814660096.0
198.0,7717552128.0
201.0,7689060352.0
204.0,7676215296.0
207.0,7602597888.0
210.0,7567368192.0
213.0,7561244672.0
216.0,7596666880.0
219.0,7607803904.0
222.0,7638196224.0
225.0,7694716928.0
228.0,7764291584.0
231.0,7812997120.0
234.0,7857127424.0
237.0,7853129728.0
240.0,7830183936.0
243.0,7771230208.0
246.0,7711457280.0
249.0,7701041152.0
252.0,7636291584.0
255.0,7630053376.0
258.0,7630376960.0
261.0,7652212736.0
264.0,7653797888.0
267.0,7673823232.0
270.0,7704584192.0
273.0,7732957184.0
276.0,7723692032.0
279.0,7765147648.0
282.0,7803355136.0
285.0,7813550080.0
288.0,7822610432.0
291.0,7843594240.0
294.0,7834419200.0
297.0,7804010496.0
300.0,7745294336.0
303.0,7686193152.0
306.0,7670808576.0
309.0,7684677632.0
312.0,7686406144.0
315.0,7718182912.0
318.0,7702450176.0
321.0,7731949568.0
324.0,7752044544.0
327.0,7744901120.0
330.0,7751405568.0
333.0,7765315584.0
336.0,7797809152.0
339.0,7795720192.0
342.0,7826112512.0
345.0,7844777984.0
348.0,7885955072.0
351.0,7875309568.0
354.0,7876964352.0
357.0,7799934976.0
360.0,7804948480.0
363.0,7762714624.0
366.0,7740964864.0
369.0,7759548416.0
372.0,7797788672.0
375.0,7773483008.0
378.0,7789002752.0
381.0,7844245504.0
384.0,7854788608.0
387.0,7864782848.0
390.0,7873720320.0
393.0,7892987904.0
396.0,7890587648.0
399.0,7835996160.0
402.0,7810527232.0
405.0,7789830144.0
408.0,7812599808.0
411.0,7834120192.0
414.0,7825936384.0
417.0,7792140288.0
420.0,7818657792.0
423.0,7808536576.0
426.0,7844765696.0
429.0,7853002752.0
432.0,7825481728.0
435.0,7838314496.0
438.0,7871553536.0
441.0,7882711040.0
444.0,7823425536.0
447.0,7813345280.0
450.0,7801749504.0
453.0,7783567360.0
456.0,7780241408.0
459.0,7768457216.0
462.0,7745220608.0
465.0,7739707392.0
468.0,7762857984.0
471.0,7785472000.0
474.0,7732748288.0
477.0,7732715520.0
480.0,7748149248.0
483.0,7757307904.0
486.0,7752527872.0
489.0,7778484224.0
492.0,7802703872.0
495.0,7822897152.0
498.0,7825616896.0
501.0,7781785600.0
504.0,7718445056.0
507.0,7589785600.0
510.0,7480524800.0
513.0,7061958656.0
