0.0,5706264576.0
3.0,5812686848.0
6.0,5916557312.0
9.0,6037819392.0
12.0,6172958720.0
15.0,6335950848.0
18.0,6523035648.0
21.0,6479282176.0
24.0,6360920064.0
27.0,6183428096.0
30.0,6211407872.0
33.0,6254587904.0
36.0,6358147072.0
39.0,6471864320.0
42.0,6511099904.0
45.0,6590324736.0
48.0,6468632576.0
51.0,6373240832.0
54.0,6325092352.0
57.0,6321344512.0
60.0,6398636032.0
63.0,6512803840.0
66.0,6579142656.0
69.0,6569730048.0
72.0,6484975616.0
75.0,6408302592.0
78.0,6361436160.0
81.0,6361919488.0
84.0,6421037056.0
87.0,6510940160.0
90.0,6552358912.0
93.0,6567407616.0
96.0,6511198208.0
99.0,6463074304.0
102.0,6434643968.0
105.0,6449549312.0
108.0,6499893248.0
111.0,6531964928.0
114.0,6574063616.0
117.0,6583066624.0
120.0,6571270144.0
123.0,6488653824.0
126.0,6450286592.0
129.0,6456856576.0
132.0,6467428352.0
135.0,6474067968.0
138.0,6486654976.0
141.0,6536462336.0
144.0,6547980288.0
147.0,6535028736.0
150.0,6503354368.0
153.0,6511050752.0
156.0,6477148160.0
159.0,6510501888.0
162.0,6520348672.0
165.0,6547644416.0
168.0,6522036224.0
171.0,6521913344.0
174.0,6532231168.0
177.0,6460530688.0
180.0,6464393216.0
183.0,6499860480.0
186.0,6547836928.0
189.0,6547013632.0
192.0,6553939968.0
195.0,6553030656.0
198.0,6529818624.0
201.0,6466707456.0
204.0,6506934272.0
207.0,6511271936.0
210.0,6527905792.0
213.0,6576373760.0
216.0,6597980160.0
219.0,6542053376.0
222.0,6544568320.0
225.0,6514024448.0
228.0,6501363712.0
231.0,6521147392.0
234.0,6525382656.0
237.0,6559916032.0
240.0,6542254080.0
243.0,6418960384.0
246.0,6186246144.0
