0.0,5690949632.0
3.0,5840605184.0
6.0,5898117120.0
9.0,5885358080.0
12.0,5762699264.0
15.0,5758083072.0
18.0,5792182272.0
21.0,5831442432.0
24.0,5833039872.0
27.0,5871411200.0
30.0,5810806784.0
33.0,5792370688.0
36.0,5790019584.0
39.0,5821026304.0
42.0,5830877184.0
45.0,5805694976.0
48.0,5806968832.0
51.0,5828493312.0
54.0,5834936320.0
57.0,5831634944.0
60.0,5835407360.0
63.0,5817155584.0
66.0,5816336384.0
69.0,5810692096.0
72.0,5805916160.0
75.0,5798993920.0
78.0,5828730880.0
81.0,5840973824.0
84.0,5829066752.0
87.0,5836972032.0
90.0,5829365760.0
93.0,5844570112.0
96.0,5848825856.0
99.0,5835665408.0
102.0,5845413888.0
105.0,5835583488.0
108.0,5860052992.0
111.0,5851439104.0
114.0,5861298176.0
117.0,5840736256.0
120.0,5833666560.0
123.0,5852385280.0
126.0,5842329600.0
129.0,5821407232.0
132.0,5754769408.0
