0.0,6131490816.0
3.0,6234374144.0
6.0,6322753536.0
9.00600004196167,6308057088.0
12.0,6275612672.0
15.0,6291025920.0
18.0,6287634432.0
21.0,6311120896.0
24.0,6306148352.0
27.0,6306484224.0
30.0,6318026752.0
33.0,6296006656.0
36.0,6301683712.0
39.0,6302285824.0
42.0,6307655680.0
45.0,6337048576.0
48.0,6326661120.0
51.0,6343286784.0
54.0,6341709824.0
57.00200009346008,6346698752.0
60.0,6374264832.0
63.0,6351699968.0
66.0,6352977920.0
69.0,6349914112.0
72.0,6336290816.0
75.0,6351339520.0
78.0,6355828736.0
81.0,6353375232.0
84.0,6359629824.0
87.0,6373183488.0
90.0,6358822912.0
93.0,6342553600.0
96.0,6330728448.0
99.0,6350848000.0
102.0,6379593728.0
105.0,6359203840.0
108.0,6352683008.0
111.0,6367100928.0
114.0,6328741888.0
117.0,6350598144.0
120.0,6327914496.0
123.0,6334431232.0
126.00500011444092,6325354496.0
129.0,6260457472.0
