Percentage served,Time in ms
0,249.264
1,823.633
2,871.168
3,910.784
4,1011.897
5,1045.390
6,1113.883
7,1114.685
8,1127.482
9,1152.084
10,1170.888
11,1186.546
12,1190.940
13,1190.943
14,1191.651
15,1216.557
16,1229.867
17,1231.214
18,1242.495
19,1252.918
20,1252.986
21,1261.840
22,1267.819
23,1279.430
24,1281.933
25,1281.962
26,1296.897
27,1315.647
28,1316.722
29,1317.611
30,1318.119
31,1319.724
32,1322.479
33,1326.445
34,1329.182
35,1329.837
36,1330.735
37,1330.860
38,1331.434
39,1332.429
40,1334.280
41,1337.643
42,1338.523
43,1339.179
44,1339.770
45,1339.934
46,1339.956
47,1340.191
48,1341.948
49,1345.363
50,1348.265
51,1349.200
52,1350.932
53,1351.174
54,1351.945
55,1353.853
56,1357.548
57,1358.194
58,1364.467
59,1364.726
60,1365.632
61,1369.778
62,1373.195
63,1374.024
64,1376.126
65,1380.262
66,1382.110
67,1382.227
68,1382.869
69,1386.050
70,1386.424
71,1388.571
72,1388.643
73,1388.872
74,1389.604
75,1389.685
76,1390.242
77,1390.355
78,1391.950
79,1392.542
80,1393.138
81,1394.873
82,1395.728
83,1395.823
84,1400.450
85,1400.682
86,1401.887
87,1401.892
88,1402.384
89,1402.448
90,1403.689
91,1404.246
92,1404.489
93,1405.987
94,1406.288
95,1407.903
96,1409.924
97,1411.819
98,1412.306
99,1416.002
100,1416.002
