Percentage served,Time in ms
0,87.816
1,395.078
2,410.012
3,414.925
4,415.594
5,457.561
6,500.574
7,502.215
8,507.030
9,531.957
10,535.183
11,546.201
12,546.649
13,550.691
14,564.489
15,567.272
16,567.842
17,568.989
18,569.032
19,575.085
20,576.419
21,586.779
22,588.892
23,589.907
24,591.367
25,594.100
26,597.704
27,600.903
28,601.707
29,601.966
30,603.234
31,604.217
32,604.858
33,619.818
34,624.526
35,628.071
36,628.698
37,640.188
38,640.810
39,641.599
40,641.930
41,644.851
42,647.653
43,647.882
44,650.736
45,650.744
46,652.325
47,655.865
48,656.876
49,657.068
50,659.225
51,659.615
52,663.990
53,665.521
54,667.857
55,668.359
56,668.619
57,669.701
58,673.780
59,676.552
60,676.669
61,677.071
62,677.508
63,679.912
64,680.682
65,681.779
66,683.736
67,683.751
68,683.862
69,684.095
70,684.260
71,684.308
72,684.977
73,685.108
74,685.162
75,685.361
76,685.501
77,685.640
78,688.131
79,689.085
80,690.251
81,690.568
82,690.568
83,692.381
84,692.530
85,692.999
86,693.668
87,693.913
88,694.639
89,695.526
90,695.931
91,696.205
92,696.768
93,697.416
94,697.548
95,697.856
96,698.123
97,699.087
98,700.284
99,705.758
100,705.758
