Percentage served,Time in ms
0,157.560
1,1709.512
2,1876.493
3,1928.938
4,2009.578
5,2020.693
6,2045.963
7,2082.286
8,2155.365
9,2187.561
10,2229.860
11,2239.544
12,2273.814
13,2323.962
14,2360.721
15,2369.484
16,2375.965
17,2398.553
18,2419.238
19,2431.161
20,2458.364
21,2471.013
22,2496.668
23,2506.983
24,2524.170
25,2535.269
26,2542.259
27,2550.678
28,2564.913
29,2574.186
30,2586.930
31,2597.876
32,2606.122
33,2617.299
34,2629.319
35,2634.985
36,2639.657
37,2650.752
38,2661.229
39,2664.158
40,2669.294
41,2674.440
42,2690.268
43,2695.172
44,2699.355
45,2703.802
46,2710.379
47,2715.213
48,2719.136
49,2723.193
50,2730.607
51,2732.549
52,2735.299
53,2740.038
54,2743.302
55,2749.284
56,2751.493
57,2756.733
58,2760.233
59,2765.607
60,2774.333
61,2777.007
62,2778.212
63,2779.748
64,2785.485
65,2787.147
66,2793.962
67,2794.636
68,2796.490
69,2797.327
70,2800.082
71,2804.811
72,2807.412
73,2812.141
74,2817.935
75,2818.526
76,2820.203
77,2821.896
78,2823.125
79,2826.369
80,2829.019
81,2830.548
82,2832.805
83,2838.064
84,2840.296
85,2840.949
86,2842.206
87,2844.752
88,2847.057
89,2848.621
90,2849.316
91,2852.131
92,2853.561
93,2854.398
94,2855.719
95,2857.894
96,2860.071
97,2862.146
98,2865.227
99,2869.322
100,2877.336
