Percentage served,Time in ms
0,243.005
1,3764.224
2,3950.452
3,4027.097
4,4161.248
5,4372.362
6,4469.423
7,4544.024
8,4720.966
9,4771.457
10,4892.741
11,4963.248
12,4970.931
13,5002.093
14,5024.696
15,5065.783
16,5083.130
17,5118.629
18,5133.892
19,5160.784
20,5167.723
21,5187.340
22,5225.744
23,5240.090
24,5261.357
25,5298.416
26,5314.839
27,5327.392
28,5338.990
29,5347.402
30,5371.871
31,5382.445
32,5392.706
33,5397.167
34,5420.590
35,5435.198
36,5462.241
37,5477.051
38,5491.861
39,5508.569
40,5513.595
41,5526.459
42,5541.519
43,5551.504
44,5567.052
45,5573.770
46,5584.588
47,5600.831
48,5610.240
49,5632.298
50,5637.618
51,5642.195
52,5657.407
53,5659.767
54,5665.947
55,5670.715
56,5682.993
57,5689.813
58,5693.950
59,5698.805
60,5702.027
61,5707.218
62,5717.696
63,5731.560
64,5737.248
65,5741.564
66,5759.204
67,5766.483
68,5771.109
69,5775.777
70,5781.243
71,5785.524
72,5791.372
73,5797.952
74,5807.897
75,5815.991
76,5817.851
77,5824.915
78,5827.807
79,5832.598
80,5839.117
81,5841.841
82,5843.959
83,5847.206
84,5850.927
85,5853.243
86,5858.405
87,5860.727
88,5862.785
89,5866.593
90,5871.491
91,5877.212
92,5882.003
93,5885.531
94,5889.722
95,5893.099
96,5895.919
97,5899.241
98,5906.843
99,5910.636
100,5924.784
