Percentage served,Time in ms
0,64.110
1,818.459
2,827.216
3,860.093
4,882.881
5,916.740
6,944.170
7,951.389
8,967.983
9,984.748
10,999.103
11,1015.372
12,1029.641
13,1038.239
14,1061.440
15,1064.203
16,1068.816
17,1075.150
18,1078.748
19,1095.851
20,1104.169
21,1106.717
22,1115.080
23,1124.788
24,1142.207
25,1150.377
26,1163.312
27,1175.439
28,1182.106
29,1201.328
30,1208.921
31,1215.452
32,1220.083
33,1230.495
34,1237.603
35,1243.402
36,1249.282
37,1254.945
38,1265.734
39,1268.029
40,1272.127
41,1276.500
42,1281.972
43,1284.374
44,1286.144
45,1289.457
46,1291.098
47,1294.402
48,1298.162
49,1301.314
50,1311.332
51,1316.220
52,1322.654
53,1324.695
54,1327.581
55,1331.917
56,1334.847
57,1341.704
58,1350.479
59,1354.202
60,1356.193
61,1358.237
62,1362.347
63,1364.149
64,1365.108
65,1366.912
66,1372.263
67,1375.481
68,1378.755
69,1380.206
70,1386.951
71,1389.499
72,1393.132
73,1394.570
74,1398.444
75,1401.877
76,1407.190
77,1410.460
78,1415.621
79,1427.826
80,1433.545
81,1436.473
82,1440.786
83,1443.959
84,1446.686
85,1450.393
86,1452.166
87,1454.332
88,1459.885
89,1464.234
90,1474.611
91,1480.587
92,1481.653
93,1484.352
94,1487.465
95,1488.217
96,1491.479
97,1492.581
98,1493.918
99,1500.788
100,1504.990
