Percentage served,Time in ms
0,135.546
1,2518.775
2,2716.711
3,2858.874
4,2934.100
5,3026.207
6,3111.061
7,3195.095
8,3316.626
9,3362.544
10,3405.766
11,3490.348
12,3551.117
13,3589.878
14,3681.795
15,3804.503
16,3831.778
17,3886.239
18,3925.258
19,3964.714
20,4003.956
21,4040.363
22,4052.769
23,4089.358
24,4112.146
25,4122.556
26,4146.925
27,4170.008
28,4196.839
29,4217.543
30,4237.544
31,4278.503
32,4303.818
33,4318.567
34,4323.259
35,4355.677
36,4369.952
37,4394.053
38,4412.440
39,4427.429
40,4440.138
41,4449.425
42,4471.760
43,4480.995
44,4489.895
45,4500.263
46,4530.582
47,4541.465
48,4556.292
49,4579.515
50,4591.820
51,4613.238
52,4617.153
53,4621.592
54,4635.430
55,4642.707
56,4650.362
57,4659.960
58,4682.260
59,4688.918
60,4700.626
61,4714.659
62,4719.613
63,4734.435
64,4741.477
65,4750.269
66,4756.353
67,4760.802
68,4764.094
69,4776.142
70,4781.511
71,4793.153
72,4801.481
73,4807.843
74,4812.688
75,4819.967
76,4827.534
77,4833.907
78,4837.821
79,4845.741
80,4854.034
81,4863.584
82,4868.137
83,4874.800
84,4877.693
85,4885.523
86,4887.764
87,4892.568
88,4895.187
89,4900.960
90,4904.863
91,4905.756
92,4909.656
93,4913.818
94,4915.494
95,4917.764
96,4920.080
97,4926.892
98,4931.862
99,4934.111
100,4940.148
