Percentage served,Time in ms
0,99.837
1,338.040
2,381.429
3,403.866
4,411.467
5,426.087
6,434.073
7,446.103
8,455.269
9,466.613
10,472.311
11,480.304
12,489.556
13,495.477
14,503.937
15,506.293
16,509.372
17,513.710
18,514.610
19,526.889
20,529.690
21,548.161
22,554.788
23,559.720
24,560.724
25,562.342
26,575.715
27,577.726
28,580.351
29,581.333
30,582.059
31,586.050
32,587.103
33,590.059
34,591.255
35,593.970
36,595.492
37,598.782
38,600.092
39,604.578
40,604.807
41,607.500
42,609.976
43,612.012
44,612.443
45,615.823
46,618.262
47,619.491
48,620.937
49,625.329
50,626.956
51,631.196
52,633.174
53,635.248
54,635.990
55,638.977
56,639.216
57,640.875
58,641.051
59,641.751
60,644.646
61,647.977
62,648.752
63,649.033
64,650.618
65,651.286
66,652.507
67,654.385
68,655.528
69,658.798
70,659.982
71,661.907
72,662.807
73,664.361
74,664.690
75,664.714
76,665.700
77,666.694
78,667.393
79,668.739
80,670.231
81,671.547
82,672.631
83,672.863
84,673.697
85,675.316
86,675.689
87,677.672
88,678.813
89,679.022
90,680.324
91,680.806
92,681.899
93,682.351
94,683.222
95,687.630
96,688.499
97,692.418
98,694.499
99,696.177
100,697.413
