Percentage served,Time in ms
0,99.501
1,1089.257
2,1177.873
3,1213.806
4,1232.117
5,1266.385
6,1299.309
7,1331.350
8,1347.611
9,1385.206
10,1419.485
11,1465.461
12,1490.827
13,1516.495
14,1558.239
15,1575.445
16,1608.319
17,1617.996
18,1657.297
19,1679.025
20,1695.615
21,1729.439
22,1739.440
23,1755.805
24,1767.406
25,1776.479
26,1782.679
27,1796.747
28,1807.500
29,1814.533
30,1822.427
31,1829.003
32,1839.566
33,1843.951
34,1849.860
35,1858.277
36,1869.004
37,1876.552
38,1885.765
39,1893.312
40,1901.654
41,1908.464
42,1915.025
43,1923.008
44,1929.266
45,1931.215
46,1936.574
47,1943.731
48,1955.121
49,1959.198
50,1964.859
51,1969.303
52,1972.990
53,1974.614
54,1978.866
55,1984.684
56,1988.010
57,1998.209
58,2004.212
59,2008.342
60,2012.247
61,2015.561
62,2020.967
63,2023.678
64,2029.450
65,2032.030
66,2034.932
67,2038.223
68,2040.708
69,2044.069
70,2048.552
71,2051.744
72,2057.079
73,2060.770
74,2065.175
75,2072.446
76,2075.166
77,2076.865
78,2078.877
79,2082.914
80,2085.594
81,2089.891
82,2092.323
83,2094.409
84,2101.147
85,2103.940
86,2107.279
87,2109.363
88,2112.234
89,2115.293
90,2117.164
91,2121.105
92,2125.886
93,2129.334
94,2133.757
95,2136.024
96,2137.445
97,2143.949
98,2149.461
99,2159.365
100,2173.971
