Percentage served,Time in ms
0,130.030
1,6457.520
2,6560.235
3,6733.041
4,6844.324
5,6942.706
6,7033.742
7,7196.266
8,7332.004
9,7381.206
10,7560.943
11,7749.271
12,7833.751
13,7947.274
14,8077.411
15,8223.659
16,8351.321
17,8408.616
18,8508.258
19,8558.740
20,8628.237
21,8720.890
22,8801.429
23,8853.775
24,8902.724
25,8971.510
26,9031.494
27,9096.393
28,9123.138
29,9193.802
30,9233.440
31,9293.727
32,9327.511
33,9366.002
34,9382.276
35,9395.219
36,9424.094
37,9462.713
38,9488.262
39,9520.147
40,9561.456
41,9608.069
42,9628.525
43,9648.559
44,9677.379
45,9712.365
46,9740.321
47,9758.009
48,9798.463
49,9835.988
50,9856.108
51,9868.619
52,9878.629
53,9895.810
54,9925.148
55,9943.820
56,9972.461
57,10019.616
58,10039.675
59,10063.572
60,10080.168
61,10095.205
62,10122.979
63,10129.920
64,10136.562
65,10154.249
66,10199.522
67,10203.955
68,10215.458
69,10228.889
70,10244.621
71,10253.729
72,10267.348
73,10282.601
74,10292.839
75,10300.438
76,10316.700
77,10325.305
78,10333.957
79,10344.360
80,10364.363
81,10373.238
82,10383.818
83,10390.509
84,10400.829
85,10408.309
86,10425.801
87,10432.445
88,10438.654
89,10451.084
90,10467.381
91,10477.703
92,10483.811
93,10490.707
94,10501.186
95,10509.901
96,10520.007
97,10525.886
98,10531.061
99,10541.251
100,10551.826
