Percentage served,Time in ms
0,167.119
1,806.908
2,839.781
3,888.145
4,901.215
5,929.273
6,999.191
7,1014.470
8,1021.263
9,1023.983
10,1047.709
11,1051.167
12,1070.014
13,1082.613
14,1083.323
15,1100.632
16,1106.416
17,1130.150
18,1138.705
19,1164.057
20,1166.992
21,1180.756
22,1195.339
23,1197.473
24,1201.414
25,1207.358
26,1211.601
27,1226.138
28,1236.305
29,1243.865
30,1247.306
31,1253.355
32,1254.920
33,1258.450
34,1264.110
35,1270.841
36,1272.376
37,1278.042
38,1281.676
39,1286.667
40,1290.586
41,1299.413
42,1303.065
43,1308.250
44,1309.898
45,1313.406
46,1318.633
47,1323.058
48,1331.959
49,1333.156
50,1333.528
51,1335.960
52,1338.970
53,1342.084
54,1345.977
55,1350.315
56,1350.745
57,1353.901
58,1357.884
59,1360.379
60,1361.690
61,1368.683
62,1372.428
63,1374.230
64,1375.483
65,1376.536
66,1377.872
67,1380.866
68,1382.293
69,1383.035
70,1384.193
71,1387.521
72,1390.920
73,1392.742
74,1396.078
75,1398.382
76,1401.275
77,1402.258
78,1404.092
79,1404.795
80,1408.927
81,1410.333
82,1410.417
83,1413.598
84,1416.517
85,1422.075
86,1424.977
87,1426.093
88,1427.798
89,1429.765
90,1431.295
91,1432.463
92,1435.932
93,1437.005
94,1437.686
95,1438.304
96,1438.791
97,1439.968
98,1443.986
99,1449.994
100,1451.781
