Percentage served,Time in ms
0,130.652
1,1649.561
2,1886.366
3,1937.751
4,2042.507
5,2142.538
6,2145.705
7,2193.529
8,2206.158
9,2240.771
10,2268.319
11,2314.802
12,2357.103
13,2390.074
14,2412.775
15,2424.587
16,2471.733
17,2481.387
18,2512.913
19,2522.254
20,2528.797
21,2534.065
22,2542.641
23,2547.162
24,2551.810
25,2554.547
26,2567.408
27,2572.659
28,2578.983
29,2610.194
30,2619.319
31,2622.630
32,2641.485
33,2648.706
34,2655.602
35,2663.750
36,2667.060
37,2675.683
38,2675.910
39,2680.988
40,2684.287
41,2687.188
42,2687.956
43,2692.745
44,2695.419
45,2700.759
46,2704.658
47,2708.707
48,2710.476
49,2715.932
50,2721.564
51,2723.335
52,2726.227
53,2727.362
54,2734.094
55,2738.194
56,2741.916
57,2744.342
58,2753.629
59,2763.045
60,2764.244
61,2767.229
62,2768.366
63,2769.884
64,2770.437
65,2772.094
66,2776.609
67,2780.516
68,2793.741
69,2795.878
70,2796.983
71,2799.429
72,2801.227
73,2803.792
74,2804.379
75,2809.575
76,2813.948
77,2816.070
78,2817.860
79,2818.135
80,2820.664
81,2823.494
82,2824.543
83,2828.828
84,2831.571
85,2833.553
86,2834.327
87,2834.754
88,2838.122
89,2838.816
90,2839.604
91,2842.835
92,2843.410
93,2844.203
94,2844.579
95,2845.501
96,2846.764
97,2847.792
98,2848.120
99,2850.770
100,2854.423
