Percentage served,Time in ms
0,74.468
1,179.966
2,185.747
3,189.387
4,190.132
5,191.493
6,200.560
7,203.315
8,206.089
9,208.291
10,209.517
11,227.363
12,231.545
13,232.513
14,235.957
15,248.954
16,258.996
17,259.270
18,263.562
19,274.504
20,276.107
21,276.228
22,276.286
23,279.436
24,280.865
25,281.188
26,283.055
27,285.249
28,285.706
29,287.117
30,290.843
31,291.577
32,294.140
33,294.893
34,295.167
35,296.413
36,298.389
37,299.033
38,300.356
39,301.924
40,302.106
41,303.893
42,306.601
43,310.361
44,311.055
45,312.061
46,313.554
47,313.823
48,313.829
49,313.907
50,316.851
51,317.994
52,318.056
53,318.941
54,319.661
55,319.877
56,320.045
57,321.262
58,321.766
59,322.553
60,322.561
61,322.863
62,322.965
63,323.011
64,323.475
65,324.084
66,324.132
67,326.147
68,327.885
69,330.612
70,331.161
71,331.480
72,332.042
73,332.460
74,332.949
75,336.448
76,337.811
77,338.804
78,339.356
79,339.970
80,340.837
81,342.223
82,342.312
83,346.485
84,346.809
85,348.518
86,352.146
87,352.465
88,353.036
89,353.133
90,354.825
91,354.868
92,357.653
93,359.185
94,359.717
95,361.065
96,361.826
97,362.736
98,362.853
99,364.604
100,364.604
