Percentage served,Time in ms
0,308.929
1,5342.460
2,5735.340
3,6017.355
4,6221.445
5,6439.845
6,6580.554
7,6727.247
8,6864.207
9,6979.808
10,7064.618
11,7140.862
12,7232.828
13,7298.091
14,7372.116
15,7421.055
16,7493.098
17,7544.198
18,7605.352
19,7658.340
20,7705.205
21,7747.638
22,7805.060
23,7843.351
24,7881.636
25,7925.235
26,7963.340
27,8002.757
28,8041.383
29,8080.993
30,8118.613
31,8158.014
32,8197.676
33,8237.136
34,8273.046
35,8305.603
36,8334.059
37,8371.520
38,8395.750
39,8429.406
40,8461.826
41,8494.374
42,8532.649
43,8568.773
44,8593.833
45,8630.615
46,8670.044
47,8708.272
48,8739.724
49,8768.533
50,8792.407
51,8825.936
52,8863.122
53,8886.942
54,8917.348
55,8948.698
56,8984.757
57,9016.739
58,9051.208
59,9080.801
60,9107.247
61,9149.069
62,9180.953
63,9218.404
64,9254.552
65,9283.360
66,9306.769
67,9338.478
68,9367.700
69,9401.659
70,9430.431
71,9458.578
72,9498.780
73,9531.785
74,9563.074
75,9602.881
76,9627.214
77,9669.448
78,9703.387
79,9737.930
80,9777.486
81,9812.569
82,9853.127
83,9900.383
84,9944.504
85,9993.667
86,10041.202
87,10097.177
88,10152.670
89,10214.454
90,10277.861
91,10354.894
92,10423.827
93,10535.323
94,10627.795
95,10714.302
96,10848.658
97,10962.638
98,11140.972
99,11553.514
100,13154.469
