Percentage served,Time in ms
0,146.970
1,2479.068
2,2633.983
3,2768.024
4,2885.160
5,3011.165
6,3081.431
7,3135.976
8,3188.790
9,3241.820
10,3293.301
11,3330.859
12,3373.983
13,3411.041
14,3448.391
15,3491.913
16,3522.525
17,3558.448
18,3584.583
19,3614.466
20,3646.584
21,3673.478
22,3693.432
23,3720.361
24,3741.043
25,3764.869
26,3792.089
27,3816.025
28,3832.139
29,3856.905
30,3876.297
31,3894.945
32,3915.988
33,3934.749
34,3955.385
35,3972.496
36,3999.742
37,4018.461
38,4035.902
39,4052.238
40,4068.275
41,4083.582
42,4104.697
43,4124.093
44,4141.470
45,4162.542
46,4182.250
47,4200.772
48,4218.458
49,4239.996
50,4262.119
51,4275.788
52,4303.342
53,4317.600
54,4333.879
55,4343.163
56,4359.147
57,4375.496
58,4394.706
59,4415.402
60,4430.528
61,4448.948
62,4470.434
63,4487.197
64,4504.619
65,4524.466
66,4544.277
67,4560.808
68,4580.438
69,4600.981
70,4619.482
71,4641.941
72,4664.165
73,4689.028
74,4709.423
75,4728.941
76,4748.989
77,4778.081
78,4796.403
79,4822.200
80,4848.432
81,4883.819
82,4909.876
83,4938.283
84,4965.592
85,4989.896
86,5015.695
87,5044.317
88,5070.467
89,5120.322
90,5152.634
91,5199.186
92,5236.863
93,5284.750
94,5342.405
95,5412.943
96,5502.572
97,5586.336
98,5740.561
99,5921.158
100,6995.411
