Percentage served,Time in ms
0,47.255
1,503.659
2,540.141
3,572.262
4,598.168
5,612.168
6,624.377
7,644.638
8,664.939
9,677.833
10,686.527
11,696.983
12,708.384
13,715.302
14,725.848
15,738.410
16,744.424
17,749.328
18,756.085
19,766.797
20,773.608
21,780.677
22,790.599
23,799.642
24,807.795
25,814.918
26,821.446
27,824.893
28,830.376
29,837.644
30,843.305
31,850.969
32,856.100
33,862.730
34,868.438
35,873.612
36,879.860
37,886.326
38,890.423
39,894.638
40,900.243
41,904.165
42,910.665
43,916.227
44,920.966
45,927.081
46,932.350
47,937.811
48,940.636
49,944.239
50,948.127
51,952.441
52,959.695
53,966.711
54,971.908
55,976.897
56,984.753
57,989.969
58,995.881
59,1003.000
60,1007.411
61,1015.271
62,1021.010
63,1025.246
64,1030.269
65,1036.542
66,1041.948
67,1049.585
68,1056.950
69,1066.240
70,1075.190
71,1082.203
72,1089.463
73,1095.753
74,1103.088
75,1110.426
76,1116.887
77,1126.314
78,1133.952
79,1139.646
80,1149.823
81,1155.578
82,1164.795
83,1171.346
84,1182.800
85,1196.337
86,1210.812
87,1223.057
88,1237.015
89,1246.552
90,1266.950
91,1286.250
92,1297.283
93,1316.231
94,1335.580
95,1354.735
96,1389.799
97,1417.944
98,1461.147
99,1529.700
100,1904.423
