Percentage served,Time in ms
0,285.686
1,2518.935
2,2718.271
3,2908.060
4,3007.218
5,3079.856
6,3174.805
7,3242.475
8,3301.324
9,3352.515
10,3392.350
11,3431.496
12,3464.140
13,3514.216
14,3544.604
15,3570.542
16,3596.768
17,3617.872
18,3643.320
19,3669.035
20,3693.566
21,3715.678
22,3740.942
23,3764.223
24,3784.906
25,3815.823
26,3838.790
27,3854.222
28,3867.983
29,3898.630
30,3921.595
31,3942.364
32,3962.298
33,3976.974
34,3997.742
35,4011.580
36,4029.304
37,4045.531
38,4064.613
39,4087.586
40,4104.900
41,4118.158
42,4131.807
43,4146.652
44,4164.642
45,4181.151
46,4192.990
47,4213.198
48,4222.012
49,4230.130
50,4249.186
51,4270.955
52,4283.890
53,4307.655
54,4328.681
55,4339.904
56,4361.515
57,4375.689
58,4390.989
59,4411.101
60,4426.077
61,4440.792
62,4452.799
63,4477.790
64,4494.894
65,4509.428
66,4524.174
67,4543.415
68,4562.059
69,4575.273
70,4594.340
71,4613.818
72,4631.979
73,4657.417
74,4674.878
75,4698.920
76,4717.941
77,4740.620
78,4760.950
79,4785.234
80,4802.894
81,4821.337
82,4841.134
83,4861.954
84,4897.649
85,4927.079
86,4949.395
87,4979.991
88,5019.546
89,5064.210
90,5095.889
91,5137.393
92,5171.591
93,5228.038
94,5290.065
95,5334.319
96,5407.321
97,5482.716
98,5633.218
99,5782.695
100,6710.206
