Percentage served,Time in ms
0,270.953
1,1351.200
2,1411.974
3,1451.384
4,1479.188
5,1499.504
6,1543.723
7,1575.428
8,1594.183
9,1606.018
10,1623.566
11,1633.643
12,1644.715
13,1656.670
14,1671.741
15,1686.019
16,1704.484
17,1718.187
18,1731.422
19,1742.488
20,1756.773
21,1764.946
22,1770.082
23,1777.440
24,1785.822
25,1790.287
26,1798.698
27,1805.364
28,1809.221
29,1818.713
30,1822.637
31,1833.581
32,1841.373
33,1853.510
34,1863.262
35,1867.024
36,1879.487
37,1892.039
38,1898.635
39,1908.522
40,1917.263
41,1924.209
42,1927.468
43,1933.908
44,1945.056
45,1948.716
46,1954.423
47,1960.931
48,1967.151
49,1972.368
50,1981.523
51,1991.906
52,2000.616
53,2007.475
54,2013.527
55,2021.085
56,2030.246
57,2037.371
58,2044.323
59,2054.083
60,2062.953
61,2070.157
62,2075.973
63,2089.857
64,2098.898
65,2108.062
66,2115.532
67,2121.152
68,2131.913
69,2141.649
70,2149.677
71,2161.467
72,2169.133
73,2179.545
74,2191.117
75,2203.368
76,2219.580
77,2228.536
78,2244.841
79,2258.688
80,2277.536
81,2288.851
82,2302.986
83,2312.097
84,2318.536
85,2332.445
86,2343.248
87,2356.574
88,2362.515
89,2377.167
90,2395.011
91,2422.761
92,2438.719
93,2462.926
94,2494.455
95,2527.494
96,2581.876
97,2599.191
98,2688.710
99,2814.721
100,3148.484
