Percentage served,Time in ms
0,65.626
1,1063.121
2,1159.744
3,1221.689
4,1279.586
5,1307.998
6,1349.266
7,1387.559
8,1422.292
9,1453.183
10,1477.007
11,1503.492
12,1524.246
13,1541.155
14,1559.695
15,1577.915
16,1596.480
17,1615.298
18,1633.023
19,1650.357
20,1661.527
21,1680.918
22,1692.411
23,1708.714
24,1721.216
25,1738.253
26,1749.695
27,1760.893
28,1771.641
29,1785.313
30,1801.995
31,1814.991
32,1827.882
33,1839.541
34,1854.097
35,1864.238
36,1874.829
37,1883.948
38,1893.413
39,1904.602
40,1911.766
41,1922.861
42,1937.597
43,1950.232
44,1965.695
45,1974.583
46,1985.329
47,2000.043
48,2008.666
49,2016.477
50,2028.300
51,2039.992
52,2047.362
53,2055.937
54,2066.812
55,2078.062
56,2090.929
57,2103.633
58,2115.115
59,2124.923
60,2135.350
61,2146.775
62,2159.851
63,2173.018
64,2183.270
65,2194.866
66,2206.850
67,2218.490
68,2230.397
69,2244.422
70,2258.743
71,2270.420
72,2282.308
73,2294.582
74,2308.803
75,2322.689
76,2335.522
77,2346.731
78,2362.600
79,2375.792
80,2388.792
81,2403.115
82,2418.804
83,2435.495
84,2453.579
85,2474.598
86,2489.902
87,2510.021
88,2526.987
89,2558.101
90,2587.030
91,2613.038
92,2639.322
93,2670.126
94,2698.496
95,2738.676
96,2796.334
97,2856.231
98,2945.378
99,3073.944
100,3666.045
