Percentage served,Time in ms
0,72.588
1,504.877
2,545.407
3,563.513
4,605.057
5,627.262
6,640.546
7,651.591
8,660.088
9,671.683
10,678.879
11,688.273
12,697.179
13,706.446
14,714.854
15,720.494
16,728.882
17,733.218
18,736.675
19,740.633
20,745.248
21,749.309
22,756.898
23,762.177
24,769.041
25,775.357
26,779.484
27,783.557
28,786.715
29,795.274
30,800.614
31,804.615
32,811.084
33,814.416
34,817.877
35,821.397
36,825.352
37,830.110
38,835.990
39,839.259
40,842.424
41,844.874
42,847.895
43,851.116
44,854.584
45,859.466
46,863.057
47,867.738
48,871.528
49,876.717
50,880.912
51,883.876
52,886.884
53,892.549
54,894.795
55,898.475
56,903.271
57,907.531
58,911.346
59,914.972
60,918.341
61,923.866
62,927.929
63,933.722
64,937.910
65,941.659
66,946.122
67,948.462
68,951.546
69,955.795
70,959.601
71,962.312
72,968.957
73,974.871
74,978.698
75,983.870
76,988.335
77,994.513
78,997.788
79,1002.337
80,1007.117
81,1010.562
82,1017.137
83,1022.002
84,1029.305
85,1033.114
86,1040.802
87,1045.601
88,1060.169
89,1069.006
90,1075.500
91,1084.865
92,1097.022
93,1112.165
94,1128.682
95,1147.836
96,1170.644
97,1197.326
98,1219.826
99,1251.062
100,1439.321
