Percentage served,Time in ms
0,128.079
1,1144.267
2,1225.226
3,1298.495
4,1330.879
5,1386.681
6,1427.035
7,1453.914
8,1476.860
9,1497.938
10,1518.377
11,1545.690
12,1565.137
13,1584.646
14,1602.688
15,1617.526
16,1639.903
17,1659.820
18,1678.165
19,1693.635
20,1708.396
21,1720.956
22,1736.326
23,1746.050
24,1755.563
25,1770.725
26,1782.679
27,1793.431
28,1801.856
29,1811.671
30,1824.237
31,1841.451
32,1850.545
33,1862.178
34,1868.945
35,1878.036
36,1889.776
37,1899.300
38,1911.020
39,1921.930
40,1930.715
41,1942.020
42,1950.253
43,1958.337
44,1969.209
45,1979.684
46,1987.649
47,1995.259
48,2004.694
49,2015.284
50,2021.954
51,2031.868
52,2044.189
53,2049.049
54,2058.085
55,2068.469
56,2075.401
57,2087.925
58,2095.780
59,2102.723
60,2112.605
61,2125.514
62,2138.689
63,2148.920
64,2165.398
65,2180.307
66,2185.757
67,2196.988
68,2204.655
69,2216.537
70,2229.480
71,2241.379
72,2256.234
73,2266.972
74,2281.070
75,2291.599
76,2311.327
77,2325.831
78,2341.038
79,2355.276
80,2367.701
81,2380.044
82,2386.060
83,2403.977
84,2424.562
85,2443.810
86,2468.675
87,2489.838
88,2507.553
89,2528.367
90,2546.930
91,2574.383
92,2600.706
93,2622.928
94,2675.032
95,2701.987
96,2733.586
97,2803.269
98,2869.973
99,2997.673
100,3481.064
