Percentage served,Time in ms
0,83.100
1,234.977
2,250.377
3,261.402
4,266.979
5,273.254
6,280.758
7,284.280
8,289.170
9,293.874
10,301.870
11,308.972
12,313.660
13,316.222
14,320.009
15,322.273
16,326.712
17,329.374
18,333.818
19,338.732
20,341.961
21,345.165
22,349.072
23,352.095
24,354.781
25,357.070
26,359.852
27,362.565
28,365.748
29,367.520
30,371.010
31,372.637
32,375.654
33,378.360
34,381.639
35,384.551
36,387.187
37,389.039
38,390.118
39,391.569
40,394.940
41,397.957
42,400.661
43,402.893
44,405.300
45,407.931
46,411.694
47,413.555
48,416.270
49,420.558
50,422.713
51,426.014
52,428.001
53,430.308
54,433.261
55,434.469
56,437.251
57,439.299
58,442.605
59,445.715
60,447.368
61,450.002
62,453.005
63,455.508
64,458.207
65,461.295
66,466.228
67,467.656
68,471.957
69,474.912
70,477.612
71,480.073
72,482.741
73,485.413
74,488.519
75,490.093
76,492.776
77,496.095
78,499.475
79,505.242
80,510.992
81,516.816
82,522.126
83,527.751
84,532.909
85,535.765
86,542.356
87,548.613
88,553.383
89,558.646
90,566.693
91,576.303
92,582.825
93,591.585
94,597.866
95,602.480
96,617.825
97,627.060
98,658.707
99,696.712
100,760.998
