0.0,5853241344.0
3.0,7308181504.0
6.0,7794946048.0
9.0,6955913216.0
12.0,7400910848.0
15.005000114440918,7666233344.0
18.002000093460083,7302262784.0
21.0,7299993600.0
24.013000011444092,7448797184.0
27.0,7399067648.0
30.005000114440918,7292682240.0
33.0,7397400576.0
36.0,7446765568.0
39.00399994850159,7315214336.0
42.00500011444092,7360684032.0
45.003000020980835,7478939648.0
48.0,7388725248.0
51.0,7297912832.0
54.0,7398719488.0
57.0,7401713664.0
60.0,7289716736.0
63.0,7399903232.0
66.0,7395422208.0
69.00200009346008,7345483776.0
72.0,7323521024.0
75.0,7404711936.0
78.0,7396114432.0
81.0,7351672832.0
84.0,7377408000.0
87.00200009346008,7248535552.0
